Type;FPL1026;
Version;1.90SP1;
Date;03.Jan 2024;
Mode;ANALYZER;
Preamplifier;OFF;
Transducer;OFF;
Center Freq;1016487360.000000;Hz
Freq Offset;0.000000;Hz
Start;75295360.000000;Hz
Stop;1957679360.000000;Hz
Span;1882384000.000000;Hz
Ref Level;0.000000;dBm
Level Offset;0.000000;dB
Rf Att;13.000000;dB
El Att;0.000000;dB
RBW;1000000.000000;Hz
VBW;1000000.000000;Hz
SWT;0.003770;s
Sweep Count;0;
Window;1;Frequency Sweep
Ref Position;100.000000;%
Level Range;100.000000;dB
x-Axis;LIN;
y-Axis;LOG;
x-Unit;Hz;
y-Unit;dBm;
Trace;1;
Trace Mode;CLR/WRITE;
Detector;AUTOPEAK;
Values;1001;
75295360;-65.1149749755859375;-84.50946807861328125
77177744;-64.30947113037109375;-105.10877227783203125
79060128;-73.31915283203125;-104.18012237548828125
80942512;-73.760345458984375;-86.32518768310546875
82824896;-72.12856292724609375;-99.62725830078125
84707280;-75.5120849609375;-92.39968109130859375
86589664;-71.61273956298828125;-106.1496429443359375
88472048;-70.64434051513671875;-85.9708099365234375
90354432;-70.98813629150390625;-88.9317626953125
92236816;-70.463653564453125;-95.653411865234375
94119200;-69.9169921875;-91.37660980224609375
96001584;-74.08770751953125;-97.89688873291015625
97883968;-76.2848663330078125;-90.5912628173828125
99766352;-71.93231201171875;-90.96785736083984375
101648736;-67.80756378173828125;-96.34151458740234375
103531120;-73.21309661865234375;-95.7198944091796875
105413504;-76.00788116455078125;-106.20728302001953125
107295888;-74.89762115478515625;-108.2946624755859375
109178272;-70.7741546630859375;-90.60821533203125
111060656;-71.77140045166015625;-87.624114990234375
112943040;-66.24853515625;-98.886260986328125
114825424;-56.249248504638671875;-68.856536865234375
116707808;-68.57756805419921875;-90.30279541015625
118590192;-67.73194122314453125;-83.75086212158203125
120472576;-71.6513519287109375;-98.08872222900390625
122354960;-70.2006072998046875;-105.9382781982421875
124237344;-75.43682098388671875;-99.46150970458984375
126119728;-73.62534332275390625;-92.08197784423828125
128002112;-72.42905426025390625;-83.182830810546875
129884496;-73.83135986328125;-110.15819549560546875
131766880;-75.979217529296875;-111.97502899169921875
133649264;-72.31250762939453125;-89.9683990478515625
135531648;-75.274017333984375;-83.3609466552734375
137414032;-73.9208221435546875;-96.87805938720703125
139296416;-74.9139556884765625;-99.9863433837890625
141178800;-73.530975341796875;-87.0322418212890625
143061184;-73.28338623046875;-92.78912353515625
144943568;-76.45111083984375;-110.3623809814453125
146825952;-73.00823974609375;-104.06548309326171875
148708336;-73.5384063720703125;-95.3322906494140625
150590720;-70.41574859619140625;-89.6779937744140625
152473104;-72.1007080078125;-98.86437225341796875
154355488;-74.906402587890625;-94.68865966796875
156237872;-73.7531280517578125;-92.57483673095703125
158120256;-74.47658538818359375;-86.44287109375
160002640;-71.6012115478515625;-92.8363037109375
161885024;-72.30136871337890625;-86.89859771728515625
163767408;-72.70135498046875;-105.22042083740234375
165649792;-73.96535491943359375;-108.40322113037109375
167532176;-75.72061920166015625;-94.36531829833984375
169414560;-74.906494140625;-103.61029052734375
171296944;-70.49138641357421875;-89.92713165283203125
173179328;-71.81862640380859375;-87.46297454833984375
175061712;-74.129150390625;-108.27158355712890625
176944096;-73.44603729248046875;-91.3208160400390625
178826480;-73.5684356689453125;-109.81360626220703125
180708864;-72.10791778564453125;-93.13353729248046875
182591248;-75.22010040283203125;-91.65529632568359375
184473632;-76.98681640625;-95.8995819091796875
186356016;-75.9186859130859375;-121.29787445068359375
188238400;-73.95978546142578125;-96.8862762451171875
190120784;-75.6373443603515625;-108.48139190673828125
192003168;-71.92462921142578125;-103.36682891845703125
193885552;-70.407745361328125;-94.40169525146484375
195767936;-71.4227447509765625;-113.04909515380859375
197650320;-74.91887664794921875;-98.85623931884765625
199532704;-71.5330963134765625;-99.8020782470703125
201415088;-75.95139312744140625;-110.78594970703125
203297472;-73.63976287841796875;-83.37049102783203125
205179856;-73.63641357421875;-92.06514739990234375
207062240;-70.5322723388671875;-95.2787017822265625
208944624;-73.300201416015625;-104.8867340087890625
210827008;-76.78900909423828125;-91.1730499267578125
212709392;-75.7959747314453125;-88.31385040283203125
214591776;-71.75009918212890625;-88.54840850830078125
216474160;-79.50299835205078125;-100.7075958251953125
218356544;-75.24324798583984375;-103.79632568359375
220238928;-74.67688751220703125;-91.14003753662109375
222121312;-70.90608978271484375;-104.94203948974609375
224003696;-74.71898651123046875;-92.13800811767578125
225886080;-71.9432220458984375;-107.5337371826171875
227768464;-73.05129241943359375;-114.4480438232421875
229650848;-75.34130859375;-125.223236083984375
231533232;-75.67444610595703125;-102.144195556640625
233415616;-77.38729095458984375;-94.06158447265625
235298000;-71.62947845458984375;-102.475311279296875
237180384;-76.94207000732421875;-103.628631591796875
239062768;-71.6556243896484375;-86.40642547607421875
240945152;-76.12560272216796875;-102.2318572998046875
242827536;-75.00293731689453125;-103.4104461669921875
244709920;-74.5676422119140625;-126.35919189453125
246592304;-71.94718170166015625;-92.9403533935546875
248474688;-76.38385772705078125;-99.77150726318359375
250357072;-71.9710540771484375;-95.8188629150390625
252239456;-75.89090728759765625;-102.55519866943359375
254121840;-75.24332427978515625;-93.1543731689453125
256004224;-76.01293182373046875;-95.89910125732421875
257886608;-74.4448394775390625;-90.1477508544921875
259768992;-73.39111328125;-97.33858489990234375
261651376;-72.86394500732421875;-96.04453277587890625
263533760;-74.96942138671875;-109.61505889892578125
265416144;-77.0034637451171875;-91.21181488037109375
267298528;-75.68619537353515625;-100.39774322509765625
269180912;-75.46411895751953125;-101.97027587890625
271063296;-73.94625091552734375;-86.55438232421875
272945680;-74.4316864013671875;-87.37320709228515625
274828064;-75.01480865478515625;-94.2369232177734375
276710448;-78.84627532958984375;-94.04926300048828125
278592832;-73.42655181884765625;-100.563140869140625
280475216;-77.4718017578125;-90.64063262939453125
282357600;-73.74102783203125;-94.41924285888671875
284239984;-74.36878204345703125;-87.560699462890625
286122368;-74.2655792236328125;-88.2315216064453125
288004752;-72.42520904541015625;-112.73239898681640625
289887136;-74.67476654052734375;-101.24726104736328125
291769520;-73.58574676513671875;-91.762451171875
293651904;-73.18023681640625;-95.18325042724609375
295534288;-73.0784149169921875;-102.0089111328125
297416672;-75.43682861328125;-88.1219024658203125
299299056;-75.283599853515625;-92.10181427001953125
301181440;-76.64520263671875;-98.8613739013671875
303063824;-72.31247711181640625;-98.35887908935546875
304946208;-74.7578582763671875;-88.246673583984375
306828592;-76.47016143798828125;-101.228118896484375
308710976;-71.53936767578125;-87.6574859619140625
310593360;-74.43741607666015625;-93.95526123046875
312475744;-73.831268310546875;-95.86830902099609375
314358128;-74.10875701904296875;-106.2624664306640625
316240512;-72.52248382568359375;-95.895965576171875
318122896;-73.094451904296875;-114.9254913330078125
320005280;-76.04424285888671875;-110.57222747802734375
321887664;-72.00960540771484375;-99.08887481689453125
323770048;-72.7385711669921875;-101.08388519287109375
325652432;-72.42296600341796875;-102.94042205810546875
327534816;-76.98258209228515625;-92.8568572998046875
329417200;-75.71442413330078125;-107.3162994384765625
331299584;-75.60988616943359375;-84.8661956787109375
333181968;-75.72646331787109375;-112.42906951904296875
335064352;-71.65758514404296875;-94.86547088623046875
336946736;-72.09978485107421875;-90.57518768310546875
338829120;-72.8412017822265625;-107.00872039794921875
340711504;-74.021728515625;-100.602569580078125
342593888;-75.357818603515625;-87.75698089599609375
344476272;-74.09230804443359375;-100.31186676025390625
346358656;-71.89847564697265625;-99.85245513916015625
348241040;-76.33594512939453125;-86.96337127685546875
350123424;-74.60877227783203125;-89.21358489990234375
352005808;-75.4155426025390625;-100.11571502685546875
353888192;-73.96756744384765625;-93.60131072998046875
355770576;-73.89842987060546875;-91.68573760986328125
357652960;-71.4464263916015625;-97.31925201416015625
359535344;-75.34368133544921875;-100.18700408935546875
361417728;-72.64539337158203125;-87.48273468017578125
363300112;-70.4738922119140625;-96.9327392578125
365182496;-73.941192626953125;-84.21794891357421875
367064880;-76.91962432861328125;-95.207183837890625
368947264;-73.6685028076171875;-106.45923614501953125
370829648;-73.19783782958984375;-95.67052459716796875
372712032;-75.6633453369140625;-99.00504302978515625
374594416;-73.62905120849609375;-89.85160064697265625
376476800;-72.72551727294921875;-92.46848297119140625
378359184;-75.36873626708984375;-104.21152496337890625
380241568;-75.145965576171875;-91.7918701171875
382123952;-76.11423492431640625;-91.2979583740234375
384006336;-72.5352325439453125;-98.21834564208984375
385888720;-76.4371795654296875;-104.21428680419921875
387771104;-73.5007476806640625;-93.1862640380859375
389653488;-73.33652496337890625;-96.98114013671875
391535872;-74.379852294921875;-106.11421966552734375
393418256;-70.20485687255859375;-96.9678955078125
395300640;-70.62766265869140625;-100.99085235595703125
397183024;-75.679473876953125;-94.57447052001953125
399065408;-76.37085723876953125;-93.57416534423828125
400947792;-73.861480712890625;-90.51598358154296875
402830176;-71.69014739990234375;-95.54604339599609375
404712560;-73.01995086669921875;-111.8338470458984375
406594944;-72.8932647705078125;-108.58135223388671875
408477328;-72.12606048583984375;-103.07561492919921875
410359712;-72.208038330078125;-96.26045989990234375
412242096;-75.626251220703125;-103.1809844970703125
414124480;-72.9412841796875;-98.16631317138671875
416006864;-72.4402008056640625;-91.55246734619140625
417889248;-75.55385589599609375;-106.84856414794921875
419771632;-72.41661834716796875;-89.4055023193359375
421654016;-77.20281219482421875;-98.52082061767578125
423536400;-73.89238739013671875;-92.83899688720703125
425418784;-73.756561279296875;-106.41251373291015625
427301168;-75.28450775146484375;-102.47974395751953125
429183552;-72.3169097900390625;-90.8733673095703125
431065936;-74.13204193115234375;-89.1752166748046875
432948320;-76.64653778076171875;-101.45261383056640625
434830704;-76.322479248046875;-99.888946533203125
436713088;-75.75165557861328125;-94.88619232177734375
438595472;-73.567138671875;-93.91064453125
440477856;-73.6663360595703125;-93.8332061767578125
442360240;-73.642974853515625;-93.9770965576171875
444242624;-74.06847381591796875;-103.6768035888671875
446125008;-72.703704833984375;-102.2369384765625
448007392;-73.468994140625;-96.73818206787109375
449889776;-72.93837738037109375;-85.98136138916015625
451772160;-75.31775665283203125;-97.36809539794921875
453654544;-73.9415283203125;-104.54669189453125
455536928;-73.2568359375;-98.81520843505859375
457419312;-72.228485107421875;-103.74675750732421875
459301696;-74.20282745361328125;-99.89830780029296875
461184080;-72.0223388671875;-113.5837860107421875
463066464;-70.47158050537109375;-89.5084228515625
464948848;-75.64986419677734375;-99.84223175048828125
466831232;-72.41010284423828125;-100.18074798583984375
468713616;-77.08623504638671875;-107.01043701171875
470596000;-72.07172393798828125;-98.0550384521484375
472478384;-74.29647064208984375;-95.88896942138671875
474360768;-74.1314849853515625;-95.72478485107421875
476243152;-75.745635986328125;-96.350555419921875
478125536;-72.64752197265625;-111.9134979248046875
480007920;-73.48972320556640625;-94.76811981201171875
481890304;-72.702911376953125;-97.0231170654296875
483772688;-74.04671478271484375;-97.73871612548828125
485655072;-75.08827972412109375;-106.55002593994140625
487537456;-73.06247711181640625;-99.57295989990234375
489419840;-74.4329681396484375;-92.67285919189453125
491302224;-74.2868804931640625;-96.734893798828125
493184608;-71.993011474609375;-84.534332275390625
495066992;-78.02625274658203125;-105.2244873046875
496949376;-77.08965301513671875;-101.3802642822265625
498831760;-76.41942596435546875;-103.155059814453125
500714144;-75.67179107666015625;-102.72991180419921875
502596528;-73.10697174072265625;-97.16701507568359375
504478912;-73.08029937744140625;-88.19016265869140625
506361296;-79.89363861083984375;-101.893157958984375
508243680;-72.43253326416015625;-108.03545379638671875
510126064;-77.7940521240234375;-84.78177642822265625
512008448;-74.77330780029296875;-100.69952392578125
513890832;-75.4203643798828125;-94.72832489013671875
515773216;-75.137176513671875;-88.18186187744140625
517655600;-73.56356048583984375;-87.63974761962890625
519537984;-76.07220458984375;-108.41559600830078125
521420368;-74.47241973876953125;-103.7790679931640625
523302752;-71.510894775390625;-106.93941497802734375
525185136;-78.14943695068359375;-106.2073822021484375
527067520;-71.03641510009765625;-95.0673370361328125
528949904;-75.3040771484375;-109.59088897705078125
530832288;-76.0080413818359375;-105.74298095703125
532714672;-75.98389434814453125;-95.7736053466796875
534597056;-75.1415252685546875;-99.15538787841796875
536479440;-76.2440948486328125;-106.45697784423828125
538361824;-70.562286376953125;-84.74745941162109375
540244208;-74.4205169677734375;-95.64605712890625
542126592;-74.9405517578125;-95.57273101806640625
544008976;-74.16133880615234375;-109.321014404296875
545891360;-72.978912353515625;-92.64211273193359375
547773744;-71.1688995361328125;-98.171356201171875
549656128;-74.411773681640625;-101.9898223876953125
551538512;-81.81195831298828125;-107.95880889892578125
553420896;-75.1124725341796875;-103.33786773681640625
555303280;-72.336151123046875;-85.8821563720703125
557185664;-75.02164459228515625;-88.2460784912109375
559068048;-72.10858154296875;-98.74417877197265625
560950432;-72.623382568359375;-102.3850250244140625
562832816;-74.004180908203125;-103.455352783203125
564715200;-75.2735595703125;-109.049560546875
566597584;-75.47170257568359375;-110.85901641845703125
568479968;-75.649017333984375;-91.812469482421875
570362352;-74.85128021240234375;-90.8757476806640625
572244736;-75.048828125;-107.66699981689453125
574127120;-78.9675140380859375;-94.841461181640625
576009504;-74.16593170166015625;-95.076141357421875
577891888;-72.3411407470703125;-98.22429656982421875
579774272;-72.18357086181640625;-90.6760711669921875
581656656;-72.785430908203125;-96.68243408203125
583539040;-73.24334716796875;-103.1152191162109375
585421424;-72.65778350830078125;-95.94451141357421875
587303808;-76.96494293212890625;-96.7659454345703125
589186192;-76.31418609619140625;-103.4312744140625
591068576;-78.62784576416015625;-112.00852203369140625
592950960;-74.91921234130859375;-97.09342193603515625
594833344;-71.74443817138671875;-100.04541015625
596715728;-73.02304840087890625;-97.892120361328125
598598112;-70.40225982666015625;-103.38274383544921875
600480496;-78.78639984130859375;-100.21825408935546875
602362880;-77.07880401611328125;-107.7884521484375
604245264;-79.19797515869140625;-94.205780029296875
606127648;-76.535247802734375;-103.1309051513671875
608010032;-73.435699462890625;-100.21441650390625
609892416;-72.71910858154296875;-103.34529876708984375
611774800;-73.58742523193359375;-93.3265228271484375
613657184;-76.51981353759765625;-109.85437774658203125
615539568;-72.2621307373046875;-123.94875335693359375
617421952;-74.21190643310546875;-98.34912872314453125
619304336;-75.2458343505859375;-94.37874603271484375
621186720;-72.1044921875;-101.04288482666015625
623069104;-76.566070556640625;-113.11824798583984375
624951488;-71.68302154541015625;-93.529754638671875
626833872;-72.9498748779296875;-115.2164154052734375
628716256;-72.19005584716796875;-101.9906768798828125
630598640;-71.32520294189453125;-89.21743011474609375
632481024;-73.53607940673828125;-93.52097320556640625
634363408;-72.69364166259765625;-94.91179656982421875
636245792;-73.274993896484375;-103.04730224609375
638128176;-74.56099700927734375;-97.19008636474609375
640010560;-72.51749420166015625;-92.87030029296875
641892944;-79.5189666748046875;-98.23201751708984375
643775328;-74.5774078369140625;-94.642974853515625
645657712;-74.76355743408203125;-96.73687744140625
647540096;-74.9631195068359375;-90.55872344970703125
649422480;-76.24127960205078125;-83.64775848388671875
651304864;-74.77105712890625;-98.976318359375
653187248;-69.9188079833984375;-102.34801483154296875
655069632;-72.6914520263671875;-98.7302703857421875
656952016;-74.0810546875;-95.234649658203125
658834400;-77.09633636474609375;-100.91595458984375
660716784;-71.746002197265625;-109.28081512451171875
662599168;-75.8748779296875;-99.16393280029296875
664481552;-73.53231048583984375;-93.7537384033203125
666363936;-75.6326904296875;-90.44788360595703125
668246320;-74.90189361572265625;-109.1380462646484375
670128704;-75.70339202880859375;-91.62284088134765625
672011088;-73.3697967529296875;-100.43424224853515625
673893472;-74.95215606689453125;-105.91207122802734375
675775856;-75.72570037841796875;-88.01590728759765625
677658240;-71.40743255615234375;-98.87835693359375
679540624;-72.6317596435546875;-92.2149658203125
681423008;-72.594757080078125;-98.31136322021484375
683305392;-71.823699951171875;-87.55987548828125
685187776;-71.49294281005859375;-100.15546417236328125
687070160;-72.9305572509765625;-83.71448516845703125
688952544;-73.764801025390625;-88.05307769775390625
690834928;-75.31496429443359375;-90.74687957763671875
692717312;-70.66153717041015625;-108.3316192626953125
694599696;-73.1654510498046875;-109.9638519287109375
696482080;-68.80623626708984375;-89.9525604248046875
698364464;-69.75066375732421875;-87.46985626220703125
700246848;-69.70728302001953125;-92.62482452392578125
702129232;-74.91683197021484375;-103.98639678955078125
704011616;-70.78392791748046875;-106.47918701171875
705894000;-71.0583648681640625;-93.85726165771484375
707776384;-76.2435455322265625;-99.03392791748046875
709658768;-73.92916107177734375;-111.08807373046875
711541152;-77.7500152587890625;-103.00743865966796875
713423536;-76.0230865478515625;-105.39550018310546875
715305920;-72.82331085205078125;-97.547393798828125
717188304;-75.4214019775390625;-99.95899200439453125
719070688;-73.0565032958984375;-120.6801910400390625
720953072;-73.5109710693359375;-105.4918670654296875
722835456;-75.254302978515625;-90.45720672607421875
724717840;-73.83193206787109375;-85.82257843017578125
726600224;-76.3010711669921875;-97.42650604248046875
728482608;-72.75348663330078125;-96.91513824462890625
730364992;-71.17053985595703125;-106.90033721923828125
732247376;-72.7196807861328125;-103.13565826416015625
734129760;-71.48856353759765625;-88.34487152099609375
736012144;-74.177093505859375;-125.23363494873046875
737894528;-69.913970947265625;-101.68426513671875
739776912;-71.56620025634765625;-93.87410736083984375
741659296;-72.81929779052734375;-81.30103302001953125
743541680;-73.2021636962890625;-96.11620330810546875
745424064;-75.43358612060546875;-98.64626312255859375
747306448;-74.186767578125;-99.041168212890625
749188832;-70.68773651123046875;-95.6272735595703125
751071216;-71.99733734130859375;-99.4120941162109375
752953600;-74.7408599853515625;-110.35729217529296875
754835984;-73.36162567138671875;-100.2371978759765625
756718368;-72.4126434326171875;-96.73244476318359375
758600752;-72.27835845947265625;-105.6513824462890625
760483136;-68.16669464111328125;-97.05675506591796875
762365520;-66.66793060302734375;-86.2118682861328125
764247904;-61.985485076904296875;-81.92261505126953125
766130288;-62.323131561279296875;-80.4560394287109375
768012672;-63.6907958984375;-90.467132568359375
769895056;-73.996795654296875;-83.945831298828125
771777440;-72.47322845458984375;-93.157501220703125
773659824;-75.1959381103515625;-87.47818756103515625
775542208;-69.78528594970703125;-86.93090057373046875
777424592;-73.52675628662109375;-105.25930023193359375
779306976;-73.959228515625;-88.520416259765625
781189360;-72.381744384765625;-103.55487823486328125
783071744;-71.3751068115234375;-92.15428924560546875
784954128;-74.6878509521484375;-99.71533966064453125
786836512;-72.6202850341796875;-92.94396209716796875
788718896;-73.1865386962890625;-94.2615966796875
790601280;-73.751953125;-85.46318817138671875
792483664;-69.4781341552734375;-95.68027496337890625
794366048;-62.15746307373046875;-79.8779754638671875
796248432;-61.148227691650390625;-74.8917694091796875
798130816;-59.86704254150390625;-86.20672607421875
800013200;-71.0894622802734375;-106.85878753662109375
801895584;-66.1919708251953125;-80.04691314697265625
803777968;-69.4937591552734375;-78.904083251953125
805660352;-67.250274658203125;-84.3384246826171875
807542736;-59.15329742431640625;-74.31475830078125
809425120;-59.421138763427734375;-93.52530670166015625
811307504;-66.66400146484375;-80.75620269775390625
813189888;-68.96367645263671875;-84.8238983154296875
815072272;-72.09590911865234375;-100.55522918701171875
816954656;-69.82227325439453125;-103.5599365234375
818837040;-73.3654632568359375;-98.60253143310546875
820719424;-71.06725311279296875;-91.509552001953125
822601808;-74.95061492919921875;-95.56182861328125
824484192;-75.29898834228515625;-104.55391693115234375
826366576;-71.5661468505859375;-98.4433441162109375
828248960;-72.780853271484375;-95.16905975341796875
830131344;-72.18708038330078125;-88.702972412109375
832013728;-72.6270599365234375;-96.80574798583984375
833896112;-71.53929901123046875;-94.75345611572265625
835778496;-74.09603118896484375;-112.93213653564453125
837660880;-75.78012847900390625;-100.37066650390625
839543264;-73.7819366455078125;-90.7054595947265625
841425648;-74.85140228271484375;-105.355621337890625
843308032;-75.38796234130859375;-98.14929962158203125
845190416;-65.96291351318359375;-107.05924224853515625
847072800;-64.9669342041015625;-85.94879913330078125
848955184;-76.6785736083984375;-96.34624481201171875
850837568;-76.6338348388671875;-91.25608062744140625
852719952;-73.183685302734375;-97.23036956787109375
854602336;-71.06027984619140625;-105.28240966796875
856484720;-74.26874542236328125;-101.94506072998046875
858367104;-74.9986724853515625;-105.167572021484375
860249488;-71.51495361328125;-108.34668731689453125
862131872;-73.7271728515625;-103.7503204345703125
864014256;-74.30168914794921875;-88.9120025634765625
865896640;-75.224761962890625;-91.74217987060546875
867779024;-76.24666595458984375;-96.08585357666015625
869661408;-74.05127716064453125;-98.92884063720703125
871543792;-73.92498016357421875;-107.421295166015625
873426176;-77.18109893798828125;-89.08167266845703125
875308560;-76.57205963134765625;-90.09705352783203125
877190944;-74.09765625;-95.6546173095703125
879073328;-76.44333648681640625;-102.4774169921875
880955712;-72.81482696533203125;-87.6638641357421875
882838096;-65.99065399169921875;-88.25054168701171875
884720480;-58.708648681640625;-72.73169708251953125
886602864;-71.9629058837890625;-102.3380126953125
888485248;-68.30478668212890625;-91.9590911865234375
890367632;-74.63455963134765625;-94.58325958251953125
892250016;-71.47092437744140625;-85.09392547607421875
894132400;-72.9947662353515625;-105.34076690673828125
896014784;-73.58110809326171875;-115.2232208251953125
897897168;-70.56982421875;-115.9525146484375
899779552;-72.9676971435546875;-90.358123779296875
901661936;-72.3307342529296875;-92.607391357421875
903544320;-72.84955596923828125;-107.8726348876953125
905426704;-70.2369384765625;-104.51398468017578125
907309088;-74.86122894287109375;-120.1045989990234375
909191472;-73.78864288330078125;-105.2159271240234375
911073856;-73.992431640625;-113.86832427978515625
912956240;-73.67279815673828125;-86.331207275390625
914838624;-73.79445648193359375;-89.22021484375
916721008;-70.3316192626953125;-85.65230560302734375
918603392;-73.07678985595703125;-88.6379547119140625
920485776;-74.18927764892578125;-96.755584716796875
922368160;-51.89684295654296875;-74.86687469482421875
924250544;-53.174694061279296875;-107.31841278076171875
926132928;-70.3108673095703125;-94.48406219482421875
928015312;-63.010051727294921875;-85.670013427734375
929897696;-62.916423797607421875;-84.86759185791015625
931780080;-64.16812896728515625;-79.0002288818359375
933662464;-68.69507598876953125;-93.790435791015625
935544848;-72.89896392822265625;-99.75562286376953125
937427232;-71.47653961181640625;-92.10625457763671875
939309616;-72.373687744140625;-90.156707763671875
941192000;-72.09224700927734375;-92.369293212890625
943074384;-72.51116180419921875;-85.6891632080078125
944956768;-76.768096923828125;-99.36479949951171875
946839152;-71.90079498291015625;-89.26152801513671875
948721536;-72.44573974609375;-101.8582305908203125
950603920;-66.17075347900390625;-87.12718963623046875
952486304;-60.614566802978515625;-89.4413299560546875
954368688;-69.8175201416015625;-84.774993896484375
956251072;-66.3287353515625;-81.10445404052734375
958133456;-70.90108489990234375;-84.48681640625
960015840;-40.0540618896484375;-91.87358856201171875
961898224;-35.614013671875;-54.90258026123046875
963780608;-55.259548187255859375;-90.90283203125
965662992;-75.1522064208984375;-107.419769287109375
967545376;-74.8598480224609375;-104.96974945068359375
969427760;-75.3115386962890625;-100.17108917236328125
971310144;-73.14989471435546875;-109.1348114013671875
973192528;-73.44384002685546875;-109.18962860107421875
975074912;-74.14111328125;-99.08173370361328125
976957296;-71.59041595458984375;-99.0955810546875
978839680;-74.75409698486328125;-104.271514892578125
980722064;-74.11700439453125;-100.08063507080078125
982604448;-70.95513153076171875;-82.01113128662109375
984486832;-72.07917022705078125;-106.865509033203125
986369216;-73.859283447265625;-95.06655120849609375
988251600;-67.88625335693359375;-96.6123504638671875
990133984;-74.561676025390625;-85.1609649658203125
992016368;-77.33780670166015625;-99.1124420166015625
993898752;-73.23184967041015625;-87.22179412841796875
995781136;-74.0976409912109375;-84.910491943359375
997663520;-48.904239654541015625;-92.74556732177734375
999545904;-23.383451461791992188;-48.134990692138671875
1001428288;-25.769514083862304688;-77.329498291015625
1003310672;-72.63088226318359375;-88.9119720458984375
1005193056;-74.17360687255859375;-92.55730438232421875
1007075440;-73.93903350830078125;-92.33879852294921875
1008957824;-74.19773101806640625;-90.9890594482421875
1010840208;-74.5058135986328125;-100.00140380859375
1012722592;-76.91571807861328125;-103.7247467041015625
1014604976;-71.88707733154296875;-106.0237274169921875
1016487360;-71.8568267822265625;-93.7566986083984375
1018369744;-72.04187774658203125;-106.67557525634765625
1020252128;-73.22802734375;-103.85665130615234375
1022134512;-72.7602081298828125;-88.1695404052734375
1024016896;-73.646026611328125;-105.18964385986328125
1025899280;-70.88829803466796875;-108.089202880859375
1027781664;-74.674072265625;-90.05365753173828125
1029664048;-70.98311614990234375;-92.9884490966796875
1031546432;-73.47322845458984375;-103.41339874267578125
1033428816;-72.22461700439453125;-91.92389678955078125
1035311200;-72.2747650146484375;-92.73590850830078125
1037193584;-40.052974700927734375;-88.6132354736328125
1039075968;-25.108570098876953125;-62.826816558837890625
1040958352;-63.982074737548828125;-98.6968231201171875
1042840736;-73.70829010009765625;-99.32996368408203125
1044723120;-74.8969573974609375;-113.21387481689453125
1046605504;-72.7914886474609375;-90.575927734375
1048487888;-75.36562347412109375;-86.11833953857421875
1050370272;-70.362152099609375;-93.7774200439453125
1052252656;-74.126251220703125;-105.2767181396484375
1054135040;-72.5363922119140625;-91.85106658935546875
1056017424;-73.82482147216796875;-98.59496307373046875
1057899808;-74.6947479248046875;-94.19789886474609375
1059782192;-73.5577850341796875;-89.08910369873046875
1061664576;-74.71448516845703125;-95.09698486328125
1063546960;-75.13055419921875;-109.7274169921875
1065429344;-75.03974151611328125;-103.6740875244140625
1067311728;-73.2051544189453125;-107.7874908447265625
1069194112;-75.14591217041015625;-90.0701751708984375
1071076496;-75.192535400390625;-97.218658447265625
1072958880;-73.778106689453125;-97.590850830078125
1074841264;-65.42153167724609375;-95.34970855712890625
1076723648;-46.933258056640625;-64.42296600341796875
1078606032;-52.498401641845703125;-91.40959930419921875
1080488416;-72.19667816162109375;-85.1521759033203125
1082370800;-73.59816741943359375;-92.11110687255859375
1084253184;-74.33399200439453125;-100.0402679443359375
1086135568;-74.76751708984375;-96.581146240234375
1088017952;-72.71007537841796875;-88.71247100830078125
1089900336;-69.59481048583984375;-85.78760528564453125
1091782720;-69.606781005859375;-89.63895416259765625
1093665104;-72.8603668212890625;-88.04776763916015625
1095547488;-72.8894195556640625;-93.10158538818359375
1097429872;-73.9228363037109375;-85.7462005615234375
1099312256;-71.4062042236328125;-94.857940673828125
1101194640;-71.3018646240234375;-89.95241546630859375
1103077024;-71.92018890380859375;-93.1780853271484375
1104959408;-68.57274627685546875;-105.8947601318359375
1106841792;-70.01374053955078125;-109.6528778076171875
1108724176;-74.6540985107421875;-94.31219482421875
1110606560;-72.54326629638671875;-85.753082275390625
1112488944;-72.47104644775390625;-81.16303253173828125
1114371328;-52.7181396484375;-82.54106903076171875
1116253712;-51.8140716552734375;-82.11237335205078125
1118136096;-75.1367950439453125;-87.83620452880859375
1120018480;-73.52632904052734375;-88.26071929931640625
1121900864;-69.6861572265625;-90.36956787109375
1123783248;-76.23950958251953125;-106.9533843994140625
1125665632;-73.13726806640625;-87.15741729736328125
1127548016;-73.87380218505859375;-87.2280731201171875
1129430400;-73.46508026123046875;-93.63951873779296875
1131312784;-72.68094635009765625;-86.96590423583984375
1133195168;-73.0255584716796875;-92.47882080078125
1135077552;-71.21768951416015625;-96.3660430908203125
1136959936;-72.64507293701171875;-93.2993621826171875
1138842320;-70.65102386474609375;-101.32013702392578125
1140724704;-76.8770904541015625;-100.75574493408203125
1142607088;-75.82025909423828125;-104.57428741455078125
1144489472;-74.90210723876953125;-104.24047088623046875
1146371856;-75.9012908935546875;-102.885345458984375
1148254240;-69.9415740966796875;-99.36125946044921875
1150136624;-71.31534576416015625;-102.44580841064453125
1152019008;-68.66107177734375;-109.96216583251953125
1153901392;-54.443145751953125;-67.562896728515625
1155783776;-62.31475067138671875;-91.01123809814453125
1157666160;-75.3071746826171875;-112.325347900390625
1159548544;-74.437744140625;-93.18212890625
1161430928;-71.61324310302734375;-93.448333740234375
1163313312;-73.4766998291015625;-99.67592620849609375
1165195696;-74.9625701904296875;-86.61318206787109375
1167078080;-73.12545013427734375;-101.3004302978515625
1168960464;-74.58574676513671875;-93.832305908203125
1170842848;-75.548126220703125;-102.02381134033203125
1172725232;-76.709197998046875;-99.8192138671875
1174607616;-71.939727783203125;-83.21511077880859375
1176490000;-74.596893310546875;-83.47863006591796875
1178372384;-74.450592041015625;-91.09461212158203125
1180254768;-75.5497894287109375;-106.07056427001953125
1182137152;-76.74115753173828125;-110.91881561279296875
1184019536;-73.85749053955078125;-101.66115570068359375
1185901920;-72.031585693359375;-97.149078369140625
1187784304;-72.54111480712890625;-87.1529388427734375
1189666688;-70.12532806396484375;-91.95101165771484375
1191549072;-58.435901641845703125;-85.81427001953125
1193431456;-58.369659423828125;-82.5825958251953125
1195313840;-72.8998870849609375;-100.79319000244140625
1197196224;-70.9176788330078125;-110.094970703125
1199078608;-74.9152679443359375;-95.23377227783203125
1200960992;-75.01918792724609375;-105.654449462890625
1202843376;-74.3531951904296875;-100.72014617919921875
1204725760;-74.89656829833984375;-95.57131195068359375
1206608144;-72.62676239013671875;-96.4601593017578125
1208490528;-71.81912994384765625;-91.40035247802734375
1210372912;-72.601806640625;-101.7812347412109375
1212255296;-69.96097564697265625;-95.69683837890625
1214137680;-70.8596038818359375;-89.704864501953125
1216020064;-73.76172637939453125;-92.44107818603515625
1217902448;-75.81414794921875;-98.7866973876953125
1219784832;-73.33589935302734375;-81.4937286376953125
1221667216;-75.05751800537109375;-110.201324462890625
1223549600;-72.41741943359375;-85.1769256591796875
1225431984;-73.38735198974609375;-92.1739654541015625
1227314368;-71.0561676025390625;-107.7214813232421875
1229196752;-70.426361083984375;-82.3273468017578125
1231079136;-67.495819091796875;-89.728424072265625
1232961520;-73.39876556396484375;-101.925689697265625
1234843904;-74.36363983154296875;-103.22705841064453125
1236726288;-74.204986572265625;-99.972625732421875
1238608672;-74.9447021484375;-99.25894927978515625
1240491056;-74.1948699951171875;-89.06281280517578125
1242373440;-72.27292633056640625;-89.31268310546875
1244255824;-73.252593994140625;-96.7097320556640625
1246138208;-72.15546417236328125;-90.55224609375
1248020592;-71.75853729248046875;-93.53083038330078125
1249902976;-75.96282196044921875;-103.0254974365234375
1251785360;-75.72138214111328125;-103.464752197265625
1253667744;-77.04877471923828125;-96.96161651611328125
1255550128;-72.62935638427734375;-99.91239166259765625
1257432512;-73.07366943359375;-92.2415924072265625
1259314896;-73.33913421630859375;-94.773223876953125
1261197280;-77.6296234130859375;-92.86875152587890625
1263079664;-76.844940185546875;-104.833221435546875
1264962048;-72.61208343505859375;-97.6182403564453125
1266844432;-74.3173675537109375;-86.94557952880859375
1268726816;-74.93292999267578125;-96.08362579345703125
1270609200;-69.60901641845703125;-115.67232513427734375
1272491584;-72.24825286865234375;-97.75106048583984375
1274373968;-74.04351806640625;-89.3429412841796875
1276256352;-74.2973175048828125;-102.70917510986328125
1278138736;-68.704681396484375;-87.94379425048828125
1280021120;-71.55306243896484375;-101.60449981689453125
1281903504;-73.42545318603515625;-83.40015411376953125
1283785888;-69.7291717529296875;-86.84198760986328125
1285668272;-74.5731964111328125;-88.75954437255859375
1287550656;-72.21746063232421875;-83.19867706298828125
1289433040;-71.9546966552734375;-88.77347564697265625
1291315424;-72.64501190185546875;-101.42263031005859375
1293197808;-73.0503082275390625;-94.62400054931640625
1295080192;-72.2400054931640625;-90.80335235595703125
1296962576;-72.7274017333984375;-93.07762908935546875
1298844960;-73.73177337646484375;-106.11714935302734375
1300727344;-74.45122528076171875;-88.42426300048828125
1302609728;-71.3084869384765625;-88.2726287841796875
1304492112;-72.69281768798828125;-96.57678985595703125
1306374496;-67.89759063720703125;-92.78028106689453125
1308256880;-64.9700775146484375;-84.927520751953125
1310139264;-76.0705108642578125;-95.85251617431640625
1312021648;-70.60968780517578125;-93.8122406005859375
1313904032;-74.15106201171875;-89.73046112060546875
1315786416;-73.1269073486328125;-100.27016448974609375
1317668800;-76.07660675048828125;-102.10741424560546875
1319551184;-71.2023468017578125;-86.33586883544921875
1321433568;-73.84568023681640625;-90.52846527099609375
1323315952;-78.029754638671875;-112.65529632568359375
1325198336;-73.1732025146484375;-93.81414794921875
1327080720;-76.16761016845703125;-92.43746185302734375
1328963104;-73.39049530029296875;-102.8352508544921875
1330845488;-72.5231475830078125;-98.78322601318359375
1332727872;-74.30165863037109375;-94.44626617431640625
1334610256;-70.953948974609375;-110.00775146484375
1336492640;-74.33606719970703125;-91.5872955322265625
1338375024;-69.590545654296875;-88.2070770263671875
1340257408;-70.5502777099609375;-93.05625152587890625
1342139792;-73.9141693115234375;-100.35919189453125
1344022176;-72.32839202880859375;-102.00858306884765625
1345904560;-70.6616973876953125;-92.89621734619140625
1347786944;-72.77895355224609375;-88.84687042236328125
1349669328;-73.13030242919921875;-103.28069305419921875
1351551712;-75.0337982177734375;-108.81624603271484375
1353434096;-74.77022552490234375;-109.2689361572265625
1355316480;-72.184906005859375;-106.12281036376953125
1357198864;-72.5226593017578125;-91.485382080078125
1359081248;-74.39041900634765625;-109.74353790283203125
1360963632;-71.10418701171875;-94.94077301025390625
1362846016;-77.54453277587890625;-113.73798370361328125
1364728400;-74.54650115966796875;-98.40471649169921875
1366610784;-74.2495574951171875;-86.2545928955078125
1368493168;-74.4698028564453125;-99.6007843017578125
1370375552;-71.64307403564453125;-92.9935150146484375
1372257936;-74.89377593994140625;-102.13726806640625
1374140320;-72.31392669677734375;-93.1475830078125
1376022704;-71.34604644775390625;-85.99362945556640625
1377905088;-71.3305206298828125;-84.6916351318359375
1379787472;-73.7629852294921875;-94.0484466552734375
1381669856;-71.09000396728515625;-92.52965545654296875
1383552240;-62.87375640869140625;-85.3375244140625
1385434624;-59.30246734619140625;-86.0388641357421875
1387317008;-76.061920166015625;-98.45955657958984375
1389199392;-73.2903900146484375;-105.94484710693359375
1391081776;-72.0401611328125;-85.26049041748046875
1392964160;-74.63741302490234375;-92.28533935546875
1394846544;-68.99691009521484375;-107.51100921630859375
1396728928;-70.8415374755859375;-96.3898773193359375
1398611312;-70.6558380126953125;-96.400146484375
1400493696;-72.6259613037109375;-82.6306610107421875
1402376080;-72.2172698974609375;-102.02056884765625
1404258464;-72.2144927978515625;-91.82576751708984375
1406140848;-69.486724853515625;-109.23606109619140625
1408023232;-73.37119293212890625;-93.21056365966796875
1409905616;-73.59912109375;-89.079742431640625
1411788000;-72.28376007080078125;-98.26035308837890625
1413670384;-74.05768585205078125;-99.283660888671875
1415552768;-73.7185821533203125;-95.3443603515625
1417435152;-71.2598724365234375;-109.5189361572265625
1419317536;-71.540191650390625;-119.11241912841796875
1421199920;-73.71401214599609375;-97.4959716796875
1423082304;-62.14023590087890625;-97.7354583740234375
1424964688;-72.16516876220703125;-100.95259857177734375
1426847072;-71.43744659423828125;-101.1185150146484375
1428729456;-72.0209808349609375;-90.3191680908203125
1430611840;-71.9915618896484375;-87.30312347412109375
1432494224;-74.7180938720703125;-99.71495819091796875
1434376608;-74.79088592529296875;-103.425445556640625
1436258992;-74.5045318603515625;-93.70088958740234375
1438141376;-73.49530029296875;-88.10735321044921875
1440023760;-72.32219696044921875;-86.7259674072265625
1441906144;-71.65485382080078125;-97.02593994140625
1443788528;-71.6888885498046875;-93.29589080810546875
1445670912;-72.277801513671875;-104.5687103271484375
1447553296;-70.78264617919921875;-92.7188720703125
1449435680;-74.2053985595703125;-84.4682464599609375
1451318064;-73.86887359619140625;-87.8699188232421875
1453200448;-71.55916595458984375;-94.3720550537109375
1455082832;-76.52573394775390625;-108.81473541259765625
1456965216;-72.35860443115234375;-91.93488311767578125
1458847600;-73.28760528564453125;-93.5120086669921875
1460729984;-65.4092254638671875;-90.9090118408203125
1462612368;-64.2771148681640625;-88.80532073974609375
1464494752;-75.6105804443359375;-100.3570709228515625
1466377136;-74.44496917724609375;-105.091766357421875
1468259520;-72.9296417236328125;-97.29293060302734375
1470141904;-72.12668609619140625;-103.70995330810546875
1472024288;-72.17479705810546875;-95.39435577392578125
1473906672;-76.3235626220703125;-91.20035552978515625
1475789056;-73.29494476318359375;-86.72650909423828125
1477671440;-70.505584716796875;-82.96515655517578125
1479553824;-75.2025909423828125;-95.042205810546875
1481436208;-71.3868255615234375;-88.22820281982421875
1483318592;-70.83792877197265625;-103.1549835205078125
1485200976;-70.73016357421875;-87.24806976318359375
1487083360;-72.8138275146484375;-119.24554443359375
1488965744;-74.01451873779296875;-92.03366851806640625
1490848128;-74.8094940185546875;-100.800323486328125
1492730512;-72.795074462890625;-92.63008880615234375
1494612896;-70.340362548828125;-92.9025115966796875
1496495280;-72.35387420654296875;-88.06295013427734375
1498377664;-73.25397491455078125;-96.3360748291015625
1500260048;-61.29083251953125;-83.01514434814453125
1502142432;-69.95557403564453125;-93.60309600830078125
1504024816;-72.6797332763671875;-84.57970428466796875
1505907200;-75.25670623779296875;-119.547943115234375
1507789584;-73.948028564453125;-84.3862152099609375
1509671968;-72.52297210693359375;-84.61956787109375
1511554352;-72.47702789306640625;-96.3087310791015625
1513436736;-75.7972412109375;-109.04637908935546875
1515319120;-72.8354644775390625;-96.84706878662109375
1517201504;-71.47750091552734375;-100.67650604248046875
1519083888;-71.41580963134765625;-97.530120849609375
1520966272;-72.2819366455078125;-94.46631622314453125
1522848656;-68.7501373291015625;-81.576812744140625
1524731040;-71.0294342041015625;-89.6854095458984375
1526613424;-70.24942779541015625;-114.03565216064453125
1528495808;-72.38188934326171875;-90.59438323974609375
1530378192;-72.6611175537109375;-98.39624786376953125
1532260576;-72.23255157470703125;-82.56778717041015625
1534142960;-73.16910552978515625;-99.8394012451171875
1536025344;-70.67029571533203125;-105.854583740234375
1537907728;-71.464752197265625;-89.731597900390625
1539790112;-73.6837005615234375;-90.4890899658203125
1541672496;-72.43012237548828125;-93.17345428466796875
1543554880;-73.5556182861328125;-88.54270172119140625
1545437264;-71.37848663330078125;-100.08142852783203125
1547319648;-71.6419677734375;-101.73969268798828125
1549202032;-72.793701171875;-82.880340576171875
1551084416;-75.92234039306640625;-97.78360748291015625
1552966800;-72.4232025146484375;-101.6761322021484375
1554849184;-72.36383819580078125;-89.0386962890625
1556731568;-77.6078338623046875;-95.597747802734375
1558613952;-75.354339599609375;-97.17877197265625
1560496336;-74.92743682861328125;-103.2396087646484375
1562378720;-70.712799072265625;-99.30879974365234375
1564261104;-70.05007171630859375;-97.14058685302734375
1566143488;-73.1756591796875;-98.29470062255859375
1568025872;-72.97914886474609375;-103.0927886962890625
1569908256;-72.332427978515625;-96.0246124267578125
1571790640;-73.85659027099609375;-92.70140838623046875
1573673024;-73.27713775634765625;-110.37979888916015625
1575555408;-66.91092681884765625;-94.56298065185546875
1577437792;-61.163394927978515625;-70.24212646484375
1579320176;-70.47760772705078125;-96.9279937744140625
1581202560;-71.01378631591796875;-89.1111297607421875
1583084944;-73.43365478515625;-93.2205352783203125
1584967328;-73.30574798583984375;-102.364349365234375
1586849712;-74.75296783447265625;-99.8868865966796875
1588732096;-72.15032196044921875;-90.79888916015625
1590614480;-75.85617828369140625;-108.239532470703125
1592496864;-67.7993927001953125;-101.05356597900390625
1594379248;-67.60559844970703125;-89.6522674560546875
1596261632;-71.2291412353515625;-87.23212432861328125
1598144016;-71.1937103271484375;-101.94208526611328125
1600026400;-70.029541015625;-113.07275390625
1601908784;-71.98223876953125;-102.802337646484375
1603791168;-73.63983154296875;-94.43198394775390625
1605673552;-70.31421661376953125;-95.50852203369140625
1607555936;-74.17250823974609375;-94.2334442138671875
1609438320;-67.88037872314453125;-83.07024383544921875
1611320704;-74.01055908203125;-86.48303985595703125
1613203088;-71.97805023193359375;-102.1825408935546875
1615085472;-55.18744659423828125;-90.116943359375
1616967856;-56.041614532470703125;-93.22019195556640625
1618850240;-70.08441162109375;-95.3546142578125
1620732624;-70.3894195556640625;-92.49092864990234375
1622615008;-68.36103057861328125;-94.9157562255859375
1624497392;-73.27642059326171875;-92.27674102783203125
1626379776;-72.05535888671875;-99.677459716796875
1628262160;-71.4768829345703125;-102.45452117919921875
1630144544;-73.24033355712890625;-98.7052459716796875
1632026928;-72.3094940185546875;-86.1773834228515625
1633909312;-75.19382476806640625;-94.3220062255859375
1635791696;-74.06453704833984375;-89.290283203125
1637674080;-72.92946624755859375;-106.71717071533203125
1639556464;-72.47670745849609375;-103.4423980712890625
1641438848;-70.7750091552734375;-100.63896942138671875
1643321232;-72.50609588623046875;-92.940216064453125
1645203616;-75.0367584228515625;-96.18753814697265625
1647086000;-69.64801788330078125;-96.80783843994140625
1648968384;-72.2166290283203125;-92.14846038818359375
1650850768;-73.05010986328125;-98.38756561279296875
1652733152;-66.022430419921875;-102.02072906494140625
1654615536;-62.961071014404296875;-78.5422821044921875
1656497920;-70.12039947509765625;-101.6740570068359375
1658380304;-71.92710113525390625;-88.89664459228515625
1660262688;-76.71855926513671875;-91.33687591552734375
1662145072;-69.31591796875;-95.15309906005859375
1664027456;-73.65869903564453125;-106.87123870849609375
1665909840;-71.41748809814453125;-105.32266998291015625
1667792224;-71.10636138916015625;-97.50705718994140625
1669674608;-74.19777679443359375;-98.9814300537109375
1671556992;-70.16004180908203125;-96.17662811279296875
1673439376;-74.07289886474609375;-102.2031707763671875
1675321760;-71.052764892578125;-90.45679473876953125
1677204144;-71.6539154052734375;-106.9111175537109375
1679086528;-74.86582183837890625;-89.2541961669921875
1680968912;-72.6442108154296875;-101.84124755859375
1682851296;-70.28212738037109375;-98.27346038818359375
1684733680;-76.063140869140625;-115.89272308349609375
1686616064;-72.8563995361328125;-91.85146331787109375
1688498448;-68.39630126953125;-104.33599090576171875
1690380832;-70.98069000244140625;-89.204010009765625
1692263216;-61.97247314453125;-81.40326690673828125
1694145600;-62.7765350341796875;-102.35784149169921875
1696027984;-72.93204498291015625;-90.38928985595703125
1697910368;-70.87026214599609375;-91.36006927490234375
1699792752;-68.93096160888671875;-94.401275634765625
1701675136;-68.6110687255859375;-88.7830657958984375
1703557520;-71.34100341796875;-107.5050048828125
1705439904;-69.45726776123046875;-93.007415771484375
1707322288;-72.72684478759765625;-93.7294921875
1709204672;-76.22072601318359375;-107.50878143310546875
1711087056;-71.4471588134765625;-84.8270416259765625
1712969440;-75.217132568359375;-100.05850982666015625
1714851824;-74.49283599853515625;-96.8928375244140625
1716734208;-71.772186279296875;-89.1983489990234375
1718616592;-71.2126007080078125;-89.858551025390625
1720498976;-70.78968048095703125;-98.19078826904296875
1722381360;-74.46617889404296875;-90.44353485107421875
1724263744;-73.46734619140625;-96.44251251220703125
1726146128;-73.19235992431640625;-92.38817596435546875
1728028512;-73.88413238525390625;-98.14835357666015625
1729910896;-66.70305633544921875;-95.95818328857421875
1731793280;-67.67243194580078125;-79.420135498046875
1733675664;-74.74146270751953125;-89.16280364990234375
1735558048;-72.75140380859375;-90.23412322998046875
1737440432;-73.1424407958984375;-96.5085906982421875
1739322816;-68.1045989990234375;-93.96118927001953125
1741205200;-75.5433349609375;-96.76418304443359375
1743087584;-74.03057861328125;-85.1295013427734375
1744969968;-69.744232177734375;-90.70249176025390625
1746852352;-70.06778717041015625;-88.8960723876953125
1748734736;-68.3515777587890625;-89.6138153076171875
1750617120;-71.19821929931640625;-84.6356658935546875
1752499504;-72.26711273193359375;-82.00147247314453125
1754381888;-70.74292755126953125;-88.21795654296875
1756264272;-70.5673370361328125;-106.27393341064453125
1758146656;-71.46343994140625;-95.27046966552734375
1760029040;-72.38531494140625;-97.6507415771484375
1761911424;-74.35161590576171875;-100.0330047607421875
1763793808;-68.9218292236328125;-83.421539306640625
1765676192;-69.25299835205078125;-110.7372894287109375
1767558576;-70.6965484619140625;-97.18138885498046875
1769440960;-57.55965423583984375;-74.51181793212890625
1771323344;-61.89389801025390625;-85.82628631591796875
1773205728;-72.71581268310546875;-86.60903167724609375
1775088112;-73.3240203857421875;-81.886871337890625
1776970496;-73.4613037109375;-95.89644622802734375
1778852880;-71.68274688720703125;-102.92861175537109375
1780735264;-73.06642913818359375;-81.41413116455078125
1782617648;-74.87076568603515625;-83.922149658203125
1784500032;-69.96063232421875;-80.99398040771484375
1786382416;-71.18149566650390625;-84.3751678466796875
1788264800;-74.88421630859375;-105.92693328857421875
1790147184;-76.99755859375;-109.17862701416015625
1792029568;-74.41931915283203125;-95.00606536865234375
1793911952;-76.91461944580078125;-94.9038238525390625
1795794336;-71.81180572509765625;-87.12236785888671875
1797676720;-73.63559722900390625;-104.28784942626953125
1799559104;-72.89255523681640625;-92.8769683837890625
1801441488;-74.5422515869140625;-111.62103271484375
1803323872;-71.3385162353515625;-100.93329620361328125
1805206256;-73.302490234375;-94.82453155517578125
1807088640;-52.816455841064453125;-84.36370086669921875
1808971024;-51.36458587646484375;-91.2860870361328125
1810853408;-66.1381072998046875;-100.336669921875
1812735792;-66.70252227783203125;-95.4947052001953125
1814618176;-71.20317840576171875;-91.4634857177734375
1816500560;-65.35044097900390625;-100.3932342529296875
1818382944;-70.6162872314453125;-88.46431732177734375
1820265328;-68.02140045166015625;-111.53232574462890625
1822147712;-70.0704803466796875;-84.91074371337890625
1824030096;-67.3412628173828125;-89.77274322509765625
1825912480;-73.84905242919921875;-95.90100860595703125
1827794864;-69.0564727783203125;-95.1912689208984375
1829677248;-72.42978668212890625;-105.57520294189453125
1831559632;-72.76279449462890625;-98.109649658203125
1833442016;-67.3902435302734375;-92.4703521728515625
1835324400;-67.96979522705078125;-85.40984344482421875
1837206784;-72.0853118896484375;-85.3118438720703125
1839089168;-72.85040283203125;-95.386444091796875
1840971552;-72.7787628173828125;-93.6884765625
1842853936;-68.83721923828125;-92.18857574462890625
1844736320;-58.514614105224609375;-103.14719390869140625
1846618704;-45.1830596923828125;-58.0719757080078125
1848501088;-53.572277069091796875;-95.7328338623046875
1850383472;-71.265167236328125;-93.87508392333984375
1852265856;-69.12700653076171875;-89.405059814453125
1854148240;-69.00008392333984375;-82.08294677734375
1856030624;-65.126068115234375;-101.66997528076171875
1857913008;-65.8213348388671875;-79.89359283447265625
1859795392;-65.61517333984375;-89.8706512451171875
1861677776;-69.9008331298828125;-87.62111663818359375
1863560160;-69.05344390869140625;-86.6905059814453125
1865442544;-69.60846710205078125;-88.03713226318359375
1867324928;-71.204833984375;-108.87198638916015625
1869207312;-66.08554840087890625;-95.172149658203125
1871089696;-74.58673095703125;-106.054718017578125
1872972080;-68.8912506103515625;-89.44014739990234375
1874854464;-70.44063568115234375;-86.292266845703125
1876736848;-65.91393280029296875;-82.46686553955078125
1878619232;-66.9141387939453125;-79.00165557861328125
1880501616;-72.20391082763671875;-91.737579345703125
1882384000;-77.552734375;-98.24080657958984375
1884266384;-38.355907440185546875;-82.9234161376953125
1886148768;-38.28498077392578125;-82.85897064208984375
1888031152;-73.72845458984375;-95.3417510986328125
1889913536;-73.1800384521484375;-92.6594696044921875
1891795920;-72.28461456298828125;-88.22469329833984375
1893678304;-73.5718994140625;-99.55130767822265625
1895560688;-73.75641632080078125;-108.872955322265625
1897443072;-73.12133026123046875;-96.98382568359375
1899325456;-71.7623291015625;-96.52423858642578125
1901207840;-72.29693603515625;-90.6645660400390625
1903090224;-72.52428436279296875;-110.9667510986328125
1904972608;-73.05999755859375;-105.94054412841796875
1906854992;-75.065338134765625;-95.689605712890625
1908737376;-71.23711395263671875;-92.46146392822265625
1910619760;-73.27313995361328125;-82.56212615966796875
1912502144;-75.04331207275390625;-98.5418548583984375
1914384528;-71.2732696533203125;-93.5896148681640625
1916266912;-73.79926300048828125;-100.1432342529296875
1918149296;-72.732208251953125;-89.620574951171875
1920031680;-73.8476409912109375;-95.447723388671875
1921914064;-48.1558990478515625;-84.8349609375
1923796448;-37.81041717529296875;-48.8228302001953125
1925678832;-49.270969390869140625;-95.05112457275390625
1927561216;-79.1990203857421875;-104.64965057373046875
1929443600;-70.95769500732421875;-101.252044677734375
1931325984;-73.19242095947265625;-104.1920623779296875
1933208368;-74.687835693359375;-88.5329742431640625
1935090752;-74.94952392578125;-97.40813446044921875
1936973136;-73.93584442138671875;-88.16606903076171875
1938855520;-73.1807403564453125;-90.56536865234375
1940737904;-75.430023193359375;-91.47893524169921875
1942620288;-73.071807861328125;-90.4429931640625
1944502672;-71.9149169921875;-101.0168609619140625
1946385056;-72.00302886962890625;-88.5107574462890625
1948267440;-72.294677734375;-102.90645599365234375
1950149824;-74.0557403564453125;-91.5193328857421875
1952032208;-74.91949462890625;-108.97710418701171875
1953914592;-73.8587493896484375;-99.63713836669921875
1955796976;-77.02208709716796875;-97.31201934814453125
1957679360;-72.42249298095703125;-104.13170623779296875
