Type;FPL1026;
Version;1.90SP1;
Date;29.Dec 2023;
Mode;ANALYZER;
Preamplifier;OFF;
Transducer;OFF;
Center Freq;1000000000.000000;Hz
Freq Offset;0.000000;Hz
Start;0.000000;Hz
Stop;2000000000.000000;Hz
Span;2000000000.000000;Hz
Ref Level;0.000000;dBm
Level Offset;0.000000;dB
Rf Att;13.000000;dB
El Att;0.000000;dB
RBW;1000000.000000;Hz
VBW;1000000.000000;Hz
SWT;0.004000;s
Sweep Count;0;
Window;1;Frequency Sweep
Ref Position;100.000000;%
Level Range;100.000000;dB
x-Axis;LIN;
y-Axis;LOG;
x-Unit;Hz;
y-Unit;dBm;
Trace;1;
Trace Mode;VIEW;
Detector;AUTOPEAK;
Values;1001;
0;-74.38330841064453125;-118.8959503173828125
2000000;-71.6485595703125;-96.82032012939453125
4000000;-70.12603759765625;-91.7480621337890625
6000000;-76.541412353515625;-97.752593994140625
8000000;-73.606231689453125;-102.33184814453125
10000000;-75.59708404541015625;-98.29625701904296875
12000000;-76.87377166748046875;-102.6471099853515625
14000000;-75.75829315185546875;-92.5806732177734375
16000000;-74.10750579833984375;-101.62813568115234375
18000000;-74.37033843994140625;-103.8587799072265625
20000000;-71.6727294921875;-98.50372314453125
22000000;-71.21903228759765625;-106.64209747314453125
24000000;-74.33864593505859375;-92.773773193359375
26000000;-71.67527008056640625;-82.6607513427734375
28000000;-74.93308258056640625;-103.5152740478515625
30000000;-74.3755645751953125;-90.218170166015625
32000000;-70.91622161865234375;-87.72371673583984375
34000000;-73.187530517578125;-86.9272308349609375
36000000;-76.66168212890625;-104.80666351318359375
38000000;-72.2379913330078125;-95.14012908935546875
40000000;-75.70110321044921875;-95.55004119873046875
42000000;-73.15048980712890625;-107.05443572998046875
44000000;-72.9014434814453125;-102.51043701171875
46000000;-72.57173919677734375;-91.54552459716796875
48000000;-75.27519989013671875;-103.66233062744140625
50000000;-75.033355712890625;-91.59560394287109375
52000000;-76.14585113525390625;-93.6529998779296875
54000000;-69.930206298828125;-92.8911285400390625
56000000;-72.37960052490234375;-102.16463470458984375
58000000;-74.797027587890625;-101.9064788818359375
60000000;-75.36273956298828125;-96.371429443359375
62000000;-72.94753265380859375;-94.484466552734375
64000000;-74.29912567138671875;-95.31714630126953125
66000000;-71.7657928466796875;-104.06603240966796875
68000000;-75.66405487060546875;-98.49945068359375
70000000;-75.31729888916015625;-91.9493560791015625
72000000;-72.76633453369140625;-89.9139404296875
74000000;-70.47599029541015625;-84.58243560791015625
76000000;-74.124725341796875;-89.71131134033203125
78000000;-78.33428955078125;-97.90482330322265625
80000000;-76.3826446533203125;-97.72768402099609375
82000000;-73.01599884033203125;-95.4852294921875
84000000;-73.03997039794921875;-106.2147674560546875
86000000;-74.63780975341796875;-93.3985137939453125
88000000;-72.7582550048828125;-93.33038330078125
90000000;-73.41266632080078125;-104.22308349609375
92000000;-71.99664306640625;-105.66585540771484375
94000000;-71.40826416015625;-93.7890472412109375
96000000;-72.19078826904296875;-110.43470001220703125
98000000;-77.2563934326171875;-103.99207305908203125
100000000;-77.9939727783203125;-97.7373504638671875
102000000;-75.8012542724609375;-91.60073089599609375
104000000;-75.5763702392578125;-84.15053558349609375
106000000;-72.890411376953125;-105.4840087890625
108000000;-77.53354644775390625;-102.62503814697265625
110000000;-77.39801788330078125;-91.11992645263671875
112000000;-73.20943450927734375;-88.20296478271484375
114000000;-78.56453704833984375;-95.35237884521484375
116000000;-74.382293701171875;-109.05255889892578125
118000000;-75.02712249755859375;-87.4726409912109375
120000000;-75.28449249267578125;-94.1907958984375
122000000;-75.11536407470703125;-101.903594970703125
124000000;-73.8737030029296875;-90.758209228515625
126000000;-75.6144256591796875;-89.75728607177734375
128000000;-74.60102081298828125;-88.64070892333984375
130000000;-73.728485107421875;-96.59775543212890625
132000000;-75.335235595703125;-92.2121429443359375
134000000;-73.2499847412109375;-92.71733856201171875
136000000;-72.4178466796875;-103.27350616455078125
138000000;-74.22975921630859375;-101.3042449951171875
140000000;-75.54561614990234375;-105.52303314208984375
142000000;-76.62801361083984375;-89.110260009765625
144000000;-75.41480255126953125;-109.36115264892578125
146000000;-76.329925537109375;-99.26474761962890625
148000000;-73.66992950439453125;-94.67491912841796875
150000000;-74.3597869873046875;-98.5416717529296875
152000000;-71.6803436279296875;-96.72409820556640625
154000000;-75.509185791015625;-94.56273651123046875
156000000;-75.20272064208984375;-103.9882965087890625
158000000;-73.1715240478515625;-91.106597900390625
160000000;-72.063385009765625;-97.609832763671875
162000000;-75.38700103759765625;-113.02764129638671875
164000000;-75.68978118896484375;-104.7832489013671875
166000000;-74.23119354248046875;-101.43383026123046875
168000000;-72.42928314208984375;-97.897796630859375
170000000;-73.047119140625;-107.87218475341796875
172000000;-72.51935577392578125;-95.98787689208984375
174000000;-78.45319366455078125;-103.143218994140625
176000000;-73.5484619140625;-95.84174346923828125
178000000;-75.420013427734375;-90.71880340576171875
180000000;-74.5099945068359375;-101.3745880126953125
182000000;-73.27495574951171875;-93.54430389404296875
184000000;-69.61336517333984375;-86.6258392333984375
186000000;-70.2664947509765625;-92.738616943359375
188000000;-73.6398468017578125;-96.05718231201171875
190000000;-73.42983245849609375;-96.63887786865234375
192000000;-74.610321044921875;-90.637847900390625
194000000;-75.5374908447265625;-98.87401580810546875
196000000;-73.25560760498046875;-98.522491455078125
198000000;-72.74149322509765625;-95.20468902587890625
200000000;-75.23233795166015625;-105.75316619873046875
202000000;-73.13219451904296875;-92.606231689453125
204000000;-70.221649169921875;-105.4078521728515625
206000000;-71.8363037109375;-89.00171661376953125
208000000;-74.14919281005859375;-103.4148101806640625
210000000;-73.991302490234375;-99.37481689453125
212000000;-70.45961761474609375;-90.85324859619140625
214000000;-68.59172821044921875;-94.06005859375
216000000;-68.30181121826171875;-86.25128936767578125
218000000;-75.5040435791015625;-99.86756134033203125
220000000;-73.24663543701171875;-86.97870635986328125
222000000;-74.323638916015625;-94.49262237548828125
224000000;-73.53188323974609375;-90.9793853759765625
226000000;-76.007080078125;-91.7309722900390625
228000000;-73.15595245361328125;-87.6609344482421875
230000000;-74.23583221435546875;-99.83599090576171875
232000000;-76.39427947998046875;-92.27146148681640625
234000000;-73.83159637451171875;-100.25016021728515625
236000000;-70.77614593505859375;-110.36508941650390625
238000000;-71.57993316650390625;-89.44689178466796875
240000000;-72.45012664794921875;-90.12477874755859375
242000000;-71.75335693359375;-87.70035552978515625
244000000;-75.4122772216796875;-99.20275115966796875
246000000;-69.96785736083984375;-88.32756805419921875
248000000;-72.5796661376953125;-100.1688690185546875
250000000;-74.8672943115234375;-96.0595245361328125
252000000;-76.3923492431640625;-89.76165771484375
254000000;-72.24784088134765625;-102.2427215576171875
256000000;-73.8660430908203125;-95.2517547607421875
258000000;-73.68712615966796875;-88.06818389892578125
260000000;-74.47931671142578125;-98.3757171630859375
262000000;-77.11476898193359375;-94.14078521728515625
264000000;-77.232269287109375;-101.71436309814453125
266000000;-77.6133880615234375;-107.84955596923828125
268000000;-71.65920257568359375;-90.39304351806640625
270000000;-76.12236785888671875;-89.895172119140625
272000000;-73.91338348388671875;-92.37774658203125
274000000;-71.70987701416015625;-98.1466217041015625
276000000;-74.429779052734375;-104.00048065185546875
278000000;-71.28338623046875;-110.20587921142578125
280000000;-73.97220611572265625;-94.36327362060546875
282000000;-73.573822021484375;-107.001556396484375
284000000;-70.3370513916015625;-93.6737213134765625
286000000;-72.126678466796875;-108.3897705078125
288000000;-72.15297698974609375;-88.1464080810546875
290000000;-73.52278900146484375;-105.97075653076171875
292000000;-76.1756439208984375;-99.96366119384765625
294000000;-73.58896636962890625;-115.26570892333984375
296000000;-72.084869384765625;-87.5020751953125
298000000;-74.800262451171875;-89.18121337890625
300000000;-73.6659698486328125;-94.87461090087890625
302000000;-73.05864715576171875;-102.269775390625
304000000;-71.37062835693359375;-101.32868194580078125
306000000;-71.91364288330078125;-91.7966766357421875
308000000;-71.11827850341796875;-113.83969879150390625
310000000;-72.042266845703125;-93.65887451171875
312000000;-74.5830535888671875;-92.11554718017578125
314000000;-72.3163909912109375;-113.53366851806640625
316000000;-75.54241180419921875;-96.397979736328125
318000000;-70.36998748779296875;-98.726715087890625
320000000;-70.47428131103515625;-93.7843475341796875
322000000;-71.5613861083984375;-86.7677001953125
324000000;-73.1348419189453125;-96.086669921875
326000000;-71.201019287109375;-107.212738037109375
328000000;-71.653717041015625;-105.27083587646484375
330000000;-70.3916168212890625;-112.86330413818359375
332000000;-75.72216033935546875;-95.98236083984375
334000000;-72.1231689453125;-89.8250732421875
336000000;-71.59554290771484375;-105.440216064453125
338000000;-74.09725189208984375;-99.5100555419921875
340000000;-75.08611297607421875;-115.28108978271484375
342000000;-73.60242462158203125;-94.0830230712890625
344000000;-76.0589752197265625;-99.70896148681640625
346000000;-73.05745697021484375;-99.39691162109375
348000000;-70.899993896484375;-86.88587188720703125
350000000;-65.84384918212890625;-85.15239715576171875
352000000;-66.29248046875;-79.6217041015625
354000000;-65.72298431396484375;-86.3499755859375
356000000;-66.365081787109375;-99.563568115234375
358000000;-72.823638916015625;-110.01752471923828125
360000000;-73.00762939453125;-92.35706329345703125
362000000;-72.03955841064453125;-94.95156097412109375
364000000;-70.44693756103515625;-84.8104400634765625
366000000;-72.65042877197265625;-106.33216094970703125
368000000;-72.884857177734375;-97.54962158203125
370000000;-72.91986083984375;-93.69202423095703125
372000000;-74.09369659423828125;-92.3316650390625
374000000;-71.0238800048828125;-85.97589874267578125
376000000;-73.94434356689453125;-83.8676605224609375
378000000;-74.154510498046875;-99.12554168701171875
380000000;-67.4620208740234375;-91.409576416015625
382000000;-70.80135345458984375;-82.8770294189453125
384000000;-64.07135772705078125;-94.27193450927734375
386000000;-62.074939727783203125;-87.40836334228515625
388000000;-65.84430694580078125;-91.65778350830078125
390000000;-62.65152740478515625;-98.67757415771484375
392000000;-65.27898406982421875;-91.43743133544921875
394000000;-63.33209228515625;-95.4036865234375
396000000;-62.916996002197265625;-99.71556854248046875
398000000;-59.887577056884765625;-92.43677520751953125
400000000;-72.66040802001953125;-96.18726348876953125
402000000;-74.07831573486328125;-89.3356170654296875
404000000;-72.60466766357421875;-95.29599761962890625
406000000;-69.97028350830078125;-92.86823272705078125
408000000;-73.2958831787109375;-87.9605712890625
410000000;-74.60324859619140625;-89.88484954833984375
412000000;-74.0782470703125;-98.88764190673828125
414000000;-72.65606689453125;-104.2064056396484375
416000000;-72.67560577392578125;-98.92630767822265625
418000000;-72.393646240234375;-86.71240997314453125
420000000;-69.062591552734375;-93.15111541748046875
422000000;-71.41777801513671875;-106.67389678955078125
424000000;-70.5823974609375;-93.62882232666015625
426000000;-74.559539794921875;-94.67704010009765625
428000000;-73.86316680908203125;-96.20539093017578125
430000000;-73.31874847412109375;-103.14324188232421875
432000000;-72.07250213623046875;-93.23279571533203125
434000000;-71.45490264892578125;-96.030731201171875
436000000;-73.4084014892578125;-94.4393157958984375
438000000;-71.7381439208984375;-88.55046844482421875
440000000;-69.92669677734375;-88.68662261962890625
442000000;-71.3859405517578125;-96.83863067626953125
444000000;-72.08843231201171875;-97.25856781005859375
446000000;-76.22727203369140625;-92.97928619384765625
448000000;-72.06247711181640625;-98.9706573486328125
450000000;-71.5754547119140625;-90.88309478759765625
452000000;-72.1818389892578125;-96.163360595703125
454000000;-74.74922943115234375;-90.84234619140625
456000000;-74.94879150390625;-109.66564178466796875
458000000;-75.70598602294921875;-95.4766998291015625
460000000;-73.47103118896484375;-102.76784515380859375
462000000;-74.3066558837890625;-101.87586212158203125
464000000;-74.64344024658203125;-98.904937744140625
466000000;-71.6958770751953125;-94.9343414306640625
468000000;-76.7295989990234375;-104.7199249267578125
470000000;-76.30615997314453125;-96.1562652587890625
472000000;-72.46547698974609375;-87.9037322998046875
474000000;-74.706329345703125;-103.680999755859375
476000000;-74.21465301513671875;-102.86553192138671875
478000000;-71.94248199462890625;-102.642608642578125
480000000;-75.4936370849609375;-110.16054534912109375
482000000;-72.53542327880859375;-101.32757568359375
484000000;-72.1531982421875;-102.15229034423828125
486000000;-74.65648651123046875;-115.02098846435546875
488000000;-72.58086395263671875;-84.63401031494140625
490000000;-74.40804290771484375;-106.716522216796875
492000000;-75.8006744384765625;-99.12317657470703125
494000000;-71.12961578369140625;-103.5348052978515625
496000000;-74.21124267578125;-103.17299652099609375
498000000;-72.8600921630859375;-84.43000030517578125
500000000;-70.70177459716796875;-101.08586883544921875
502000000;-72.24581146240234375;-84.94085693359375
504000000;-76.44940185546875;-105.61212921142578125
506000000;-73.7307891845703125;-89.52803802490234375
508000000;-74.7735748291015625;-91.01306915283203125
510000000;-70.33133697509765625;-91.27533721923828125
512000000;-74.67484283447265625;-97.00528717041015625
514000000;-68.55577850341796875;-82.17411041259765625
516000000;-67.75116729736328125;-108.73700714111328125
518000000;-66.52419281005859375;-86.60654449462890625
520000000;-63.171321868896484375;-87.4898223876953125
522000000;-69.357452392578125;-81.93460845947265625
524000000;-67.6696319580078125;-85.4510040283203125
526000000;-72.84967041015625;-90.3282012939453125
528000000;-71.1912994384765625;-88.0653076171875
530000000;-74.88701629638671875;-92.3719024658203125
532000000;-74.2337188720703125;-101.78578948974609375
534000000;-76.00148773193359375;-106.0878143310546875
536000000;-72.0029449462890625;-100.16742706298828125
538000000;-74.43824005126953125;-87.10986328125
540000000;-69.8348541259765625;-83.15685272216796875
542000000;-68.5641021728515625;-87.18010711669921875
544000000;-63.165073394775390625;-82.403045654296875
546000000;-63.318775177001953125;-96.30887603759765625
548000000;-70.95175933837890625;-86.701171875
550000000;-72.13179779052734375;-96.71523284912109375
552000000;-71.58165740966796875;-94.9149932861328125
554000000;-73.46483612060546875;-88.13794708251953125
556000000;-70.643829345703125;-105.6494140625
558000000;-72.6926116943359375;-89.23914337158203125
560000000;-72.384552001953125;-94.561126708984375
562000000;-70.6348114013671875;-95.10849761962890625
564000000;-79.472625732421875;-97.03859710693359375
566000000;-77.51192474365234375;-98.7135772705078125
568000000;-73.49318695068359375;-96.1187591552734375
570000000;-71.99781036376953125;-105.16211700439453125
572000000;-70.78749847412109375;-92.52648162841796875
574000000;-72.1963958740234375;-88.81340789794921875
576000000;-72.91314697265625;-107.38507080078125
578000000;-74.00353240966796875;-89.131317138671875
580000000;-74.90726470947265625;-104.070037841796875
582000000;-73.12084197998046875;-96.69954681396484375
584000000;-73.76336669921875;-88.7588043212890625
586000000;-59.839405059814453125;-93.23553466796875
588000000;-44.25301361083984375;-59.657520294189453125
590000000;-53.228076934814453125;-99.03263092041015625
592000000;-75.19025421142578125;-95.22809600830078125
594000000;-69.91609954833984375;-102.87302398681640625
596000000;-74.11895751953125;-86.855743408203125
598000000;-76.10509490966796875;-109.73384857177734375
600000000;-72.24361419677734375;-86.21294403076171875
602000000;-71.7529296875;-95.17214202880859375
604000000;-71.71265411376953125;-99.764404296875
606000000;-72.507354736328125;-106.0907135009765625
608000000;-73.55153656005859375;-104.2026214599609375
610000000;-71.76036834716796875;-87.2482452392578125
612000000;-71.16150665283203125;-94.549407958984375
614000000;-72.3447265625;-88.63875579833984375
616000000;-73.080078125;-107.72332763671875
618000000;-72.73969268798828125;-101.93093109130859375
620000000;-73.62115478515625;-94.0405120849609375
622000000;-69.96027374267578125;-98.94939422607421875
624000000;-70.552764892578125;-93.435333251953125
626000000;-72.8001861572265625;-91.6501922607421875
628000000;-72.8694915771484375;-106.34941864013671875
630000000;-71.6965484619140625;-97.27397918701171875
632000000;-73.48818206787109375;-91.5431976318359375
634000000;-69.962677001953125;-87.8938140869140625
636000000;-73.60033416748046875;-104.379302978515625
638000000;-73.20226287841796875;-93.49863433837890625
640000000;-71.59860992431640625;-95.42317962646484375
642000000;-71.61586761474609375;-99.1230926513671875
644000000;-69.49554443359375;-88.76885223388671875
646000000;-72.54222869873046875;-89.33293914794921875
648000000;-71.03301239013671875;-103.9532928466796875
650000000;-69.789581298828125;-91.12450408935546875
652000000;-73.6312103271484375;-114.27021026611328125
654000000;-71.16851043701171875;-92.6240997314453125
656000000;-71.2547454833984375;-98.56525421142578125
658000000;-74.9490966796875;-105.04981231689453125
660000000;-72.409881591796875;-96.1815338134765625
662000000;-73.919189453125;-101.42128753662109375
664000000;-72.51306915283203125;-99.960418701171875
666000000;-70.9981689453125;-99.72040557861328125
668000000;-74.58798980712890625;-91.5583038330078125
670000000;-72.1561431884765625;-104.0851898193359375
672000000;-76.97229766845703125;-98.9068756103515625
674000000;-69.692291259765625;-90.27727508544921875
676000000;-75.75203704833984375;-91.230072021484375
678000000;-73.00304412841796875;-103.421051025390625
680000000;-73.43328857421875;-88.73480224609375
682000000;-75.58687591552734375;-98.54897308349609375
684000000;-72.86106109619140625;-88.89040374755859375
686000000;-71.58669281005859375;-100.43698883056640625
688000000;-72.55889129638671875;-92.86803436279296875
690000000;-70.7612762451171875;-86.8039703369140625
692000000;-70.73329925537109375;-110.53432464599609375
694000000;-73.17382049560546875;-108.0978546142578125
696000000;-71.9078521728515625;-112.61383056640625
698000000;-74.33530426025390625;-87.81366729736328125
700000000;-74.278228759765625;-86.0759429931640625
702000000;-77.899688720703125;-108.4327392578125
704000000;-73.2834320068359375;-92.02234649658203125
706000000;-71.439544677734375;-78.8130645751953125
708000000;-74.23775482177734375;-95.58061981201171875
710000000;-54.66237640380859375;-93.69281005859375
712000000;-52.3836517333984375;-82.3607025146484375
714000000;-72.1336212158203125;-86.80864715576171875
716000000;-72.5906219482421875;-105.5355224609375
718000000;-70.75185394287109375;-96.0992279052734375
720000000;-70.12015533447265625;-106.4010772705078125
722000000;-72.125640869140625;-93.020782470703125
724000000;-72.2726287841796875;-99.3780364990234375
726000000;-71.9608612060546875;-107.8648529052734375
728000000;-70.8715972900390625;-96.70203399658203125
730000000;-70.3484344482421875;-101.67545318603515625
732000000;-74.97005462646484375;-114.16587066650390625
734000000;-70.76880645751953125;-93.1079559326171875
736000000;-72.903106689453125;-95.88242340087890625
738000000;-71.92665863037109375;-93.69258880615234375
740000000;-70.9519195556640625;-102.82466888427734375
742000000;-74.7516021728515625;-90.2531280517578125
744000000;-75.14916229248046875;-92.27524566650390625
746000000;-70.0539703369140625;-92.85727691650390625
748000000;-72.25000762939453125;-92.753448486328125
750000000;-72.18134307861328125;-99.48160552978515625
752000000;-75.87296295166015625;-93.25281524658203125
754000000;-74.89117431640625;-95.54815673828125
756000000;-72.19197845458984375;-88.36475372314453125
758000000;-74.82932281494140625;-92.1286468505859375
760000000;-73.39783477783203125;-93.84454345703125
762000000;-70.82448577880859375;-102.031036376953125
764000000;-71.05511474609375;-110.6950531005859375
766000000;-75.4881134033203125;-107.8553619384765625
768000000;-72.96076202392578125;-94.0753021240234375
770000000;-72.74131011962890625;-92.6922607421875
772000000;-73.2706451416015625;-90.5160369873046875
774000000;-72.52783966064453125;-87.32939910888671875
776000000;-72.0656890869140625;-101.47332763671875
778000000;-73.3946380615234375;-100.16161346435546875
780000000;-72.5844573974609375;-107.6978607177734375
782000000;-74.02103424072265625;-97.19680023193359375
784000000;-75.1137847900390625;-104.23541259765625
786000000;-71.24237060546875;-105.51549530029296875
788000000;-70.68988037109375;-88.3006134033203125
790000000;-70.72660064697265625;-98.49602508544921875
792000000;-74.08631134033203125;-84.202392578125
794000000;-73.39141845703125;-94.7456817626953125
796000000;-74.098358154296875;-104.28582763671875
798000000;-73.23151397705078125;-94.6260833740234375
800000000;-74.138885498046875;-100.139862060546875
802000000;-74.89166259765625;-104.12249755859375
804000000;-74.76911163330078125;-95.57373046875
806000000;-68.9819488525390625;-97.52707672119140625
808000000;-72.05789947509765625;-90.71465301513671875
810000000;-73.0836181640625;-96.6438446044921875
812000000;-75.250152587890625;-96.938323974609375
814000000;-69.64881134033203125;-116.54134368896484375
816000000;-71.89220428466796875;-119.99950408935546875
818000000;-75.4755706787109375;-85.84114837646484375
820000000;-72.6663818359375;-84.0348968505859375
822000000;-71.12570953369140625;-98.87921142578125
824000000;-72.59555816650390625;-90.9545135498046875
826000000;-73.315093994140625;-96.4274444580078125
828000000;-70.44928741455078125;-90.2485198974609375
830000000;-75.1136474609375;-96.40213775634765625
832000000;-72.7170257568359375;-112.08083343505859375
834000000;-71.7335968017578125;-98.48203277587890625
836000000;-71.8756866455078125;-95.29062652587890625
838000000;-72.19659423828125;-92.0269317626953125
840000000;-73.62570953369140625;-86.68717193603515625
842000000;-73.705474853515625;-94.809783935546875
844000000;-73.8637237548828125;-95.51715087890625
846000000;-71.83826446533203125;-97.9620513916015625
848000000;-71.95229339599609375;-87.8114471435546875
850000000;-74.08911895751953125;-89.06206512451171875
852000000;-72.96143341064453125;-98.83489990234375
854000000;-73.72582244873046875;-103.05278778076171875
856000000;-70.9489898681640625;-99.89759063720703125
858000000;-71.24398040771484375;-85.03076171875
860000000;-70.92359161376953125;-104.29470062255859375
862000000;-74.44293212890625;-94.41352081298828125
864000000;-69.502197265625;-94.13651275634765625
866000000;-75.23630523681640625;-95.916351318359375
868000000;-26.81940460205078125;-93.344482421875
870000000;-22.01937103271484375;-44.30765533447265625
872000000;-44.971302032470703125;-102.72164154052734375
874000000;-71.07293701171875;-96.39231109619140625
876000000;-71.902923583984375;-104.564727783203125
878000000;-74.86728668212890625;-88.8583984375
880000000;-75.27751922607421875;-88.6035003662109375
882000000;-70.664764404296875;-99.73413848876953125
884000000;-75.78099822998046875;-95.329559326171875
886000000;-73.9528350830078125;-105.148101806640625
888000000;-71.20394134521484375;-91.7079620361328125
890000000;-70.784423828125;-96.90462493896484375
892000000;-72.12470245361328125;-96.10916900634765625
894000000;-72.3102264404296875;-91.17218780517578125
896000000;-70.08539581298828125;-87.160125732421875
898000000;-76.25234222412109375;-105.9152984619140625
900000000;-69.96240997314453125;-98.5144805908203125
902000000;-71.32135009765625;-87.58209228515625
904000000;-72.07247161865234375;-83.00131988525390625
906000000;-71.57830047607421875;-100.8218994140625
908000000;-73.43831634521484375;-97.80828094482421875
910000000;-73.498626708984375;-116.0980377197265625
912000000;-69.6284637451171875;-91.84310150146484375
914000000;-70.8876495361328125;-106.437255859375
916000000;-68.94939422607421875;-88.16351318359375
918000000;-74.6427764892578125;-90.17482757568359375
920000000;-70.85654449462890625;-90.16701507568359375
922000000;-72.7552337646484375;-93.40756988525390625
924000000;-74.17673492431640625;-89.350494384765625
926000000;-73.79897308349609375;-102.857452392578125
928000000;-72.7422027587890625;-92.467987060546875
930000000;-73.8233184814453125;-92.85472869873046875
932000000;-74.5624847412109375;-90.4195404052734375
934000000;-74.5682830810546875;-94.95111846923828125
936000000;-72.61168670654296875;-106.1923828125
938000000;-73.59738922119140625;-92.911956787109375
940000000;-70.711395263671875;-95.95758056640625
942000000;-73.34075164794921875;-113.20189666748046875
944000000;-70.9031524658203125;-104.55023193359375
946000000;-77.3224639892578125;-101.5844268798828125
948000000;-72.1448211669921875;-87.70550537109375
950000000;-75.96566009521484375;-90.5601043701171875
952000000;-72.2223052978515625;-93.10760498046875
954000000;-73.12218475341796875;-98.08095550537109375
956000000;-73.06818389892578125;-92.84027099609375
958000000;-71.23128509521484375;-94.39307403564453125
960000000;-71.85292816162109375;-127
962000000;-69.60453033447265625;-103.49373626708984375
964000000;-71.068695068359375;-82.50058746337890625
966000000;-74.6258544921875;-95.354705810546875
968000000;-74.45157623291015625;-108.02265167236328125
970000000;-74.28125762939453125;-97.77618408203125
972000000;-71.815673828125;-92.24170684814453125
974000000;-71.68445587158203125;-91.09161376953125
976000000;-76.0710296630859375;-94.16976165771484375
978000000;-74.32061004638671875;-91.74330902099609375
980000000;-73.42975616455078125;-93.86125946044921875
982000000;-71.70246124267578125;-98.48126983642578125
984000000;-74.498687744140625;-108.1843109130859375
986000000;-73.773590087890625;-93.0678863525390625
988000000;-70.37305450439453125;-94.5939483642578125
990000000;-69.938201904296875;-100.00782012939453125
992000000;-70.5177459716796875;-97.3363189697265625
994000000;-68.4806365966796875;-97.983001708984375
996000000;-74.428375244140625;-102.21527862548828125
998000000;-71.7696380615234375;-115.1634063720703125
1000000000;-71.35227203369140625;-102.3319244384765625
1002000000;-73.4279327392578125;-89.97586822509765625
1004000000;-75.87348175048828125;-97.57422637939453125
1006000000;-71.63646697998046875;-94.7870330810546875
1008000000;-71.51076507568359375;-88.79657745361328125
1010000000;-70.076202392578125;-89.918975830078125
1012000000;-73.14035797119140625;-97.82382965087890625
1014000000;-74.84821319580078125;-101.89289093017578125
1016000000;-73.836578369140625;-110.285247802734375
1018000000;-71.13741302490234375;-86.39739227294921875
1020000000;-71.37245941162109375;-92.0316925048828125
1022000000;-71.15912628173828125;-99.18888092041015625
1024000000;-72.45294189453125;-90.62725067138671875
1026000000;-69.1628570556640625;-90.82611083984375
1028000000;-72.2737884521484375;-96.4169769287109375
1030000000;-73.33899688720703125;-87.232086181640625
1032000000;-74.171875;-99.247772216796875
1034000000;-74.80672454833984375;-96.29425811767578125
1036000000;-69.9275054931640625;-105.88153839111328125
1038000000;-70.27707672119140625;-95.62723541259765625
1040000000;-72.36722564697265625;-98.59801483154296875
1042000000;-75.97516632080078125;-111.73381805419921875
1044000000;-74.07576751708984375;-86.07059478759765625
1046000000;-75.0793914794921875;-100.236175537109375
1048000000;-69.942291259765625;-88.254547119140625
1050000000;-69.86769866943359375;-96.2717437744140625
1052000000;-75.9928741455078125;-109.24920654296875
1054000000;-73.17118072509765625;-93.9374237060546875
1056000000;-75.50079345703125;-97.400299072265625
1058000000;-69.31958770751953125;-81.20755767822265625
1060000000;-71.5722198486328125;-94.82683563232421875
1062000000;-71.51712799072265625;-103.70261383056640625
1064000000;-72.940277099609375;-98.80370330810546875
1066000000;-71.004180908203125;-100.13204193115234375
1068000000;-69.4828338623046875;-87.72711944580078125
1070000000;-71.2381591796875;-104.8872222900390625
1072000000;-72.632568359375;-97.73558807373046875
1074000000;-73.55356597900390625;-87.278076171875
1076000000;-72.5246124267578125;-91.3605499267578125
1078000000;-72.620941162109375;-95.134918212890625
1080000000;-73.980804443359375;-101.9577178955078125
1082000000;-70.52458953857421875;-100.7501068115234375
1084000000;-72.32782745361328125;-105.74616241455078125
1086000000;-72.5712890625;-92.77907562255859375
1088000000;-72.36472320556640625;-110.74390411376953125
1090000000;-73.78277587890625;-111.00543212890625
1092000000;-71.7158203125;-118.496002197265625
1094000000;-71.2438201904296875;-99.03797149658203125
1096000000;-72.175201416015625;-88.57463836669921875
1098000000;-71.66643524169921875;-86.615814208984375
1100000000;-69.81171417236328125;-90.12168121337890625
1102000000;-73.047454833984375;-86.7744598388671875
1104000000;-76.87197113037109375;-95.604522705078125
1106000000;-70.9427947998046875;-98.38721466064453125
1108000000;-70.86960601806640625;-91.99291229248046875
1110000000;-70.8928070068359375;-98.71704864501953125
1112000000;-72.07064056396484375;-101.14939117431640625
1114000000;-69.045989990234375;-98.78897857666015625
1116000000;-72.08624267578125;-93.0351409912109375
1118000000;-70.570068359375;-98.272613525390625
1120000000;-72.52519989013671875;-98.37831878662109375
1122000000;-71.62154388427734375;-92.27220916748046875
1124000000;-72.340606689453125;-87.50379180908203125
1126000000;-72.67786407470703125;-98.07729339599609375
1128000000;-74.11116790771484375;-102.56036376953125
1130000000;-72.08404541015625;-99.36859893798828125
1132000000;-72.20778656005859375;-91.4474029541015625
1134000000;-69.5077972412109375;-94.48089599609375
1136000000;-68.92987823486328125;-96.13516998291015625
1138000000;-72.72967529296875;-96.2801513671875
1140000000;-71.75799560546875;-94.51576995849609375
1142000000;-71.1697845458984375;-94.33646392822265625
1144000000;-72.58026885986328125;-102.67333984375
1146000000;-70.75351715087890625;-81.77397918701171875
1148000000;-68.9452667236328125;-85.502105712890625
1150000000;-21.99187469482421875;-72.71595001220703125
1152000000;-21.886430740356445313;-64.4058837890625
1154000000;-65.7890777587890625;-90.7973175048828125
1156000000;-72.87537384033203125;-98.148529052734375
1158000000;-73.57738494873046875;-103.55340576171875
1160000000;-75.1125030517578125;-93.00537872314453125
1162000000;-73.23665618896484375;-87.2097625732421875
1164000000;-73.3124542236328125;-83.131439208984375
1166000000;-74.5778350830078125;-93.5024261474609375
1168000000;-72.43854522705078125;-90.31583404541015625
1170000000;-72.09017181396484375;-95.6151580810546875
1172000000;-74.611358642578125;-100.3441925048828125
1174000000;-73.992401123046875;-93.261260986328125
1176000000;-72.4116973876953125;-90.57590484619140625
1178000000;-71.97704315185546875;-95.3255767822265625
1180000000;-71.087799072265625;-98.40462493896484375
1182000000;-67.22956085205078125;-84.61156463623046875
1184000000;-74.05810546875;-90.0745086669921875
1186000000;-68.53864288330078125;-88.30963897705078125
1188000000;-72.20151519775390625;-94.91422271728515625
1190000000;-74.53557586669921875;-88.54344940185546875
1192000000;-76.50095367431640625;-112.35009002685546875
1194000000;-71.93509674072265625;-91.21678924560546875
1196000000;-71.5445404052734375;-92.26611328125
1198000000;-69.9769744873046875;-99.756866455078125
1200000000;-71.11932373046875;-99.37469482421875
1202000000;-73.39783477783203125;-100.12017059326171875
1204000000;-72.40657806396484375;-90.707550048828125
1206000000;-71.69721221923828125;-102.08812713623046875
1208000000;-71.12226104736328125;-85.1554412841796875
1210000000;-72.99787139892578125;-104.4745025634765625
1212000000;-72.37457275390625;-100.1314697265625
1214000000;-73.3595733642578125;-92.053802490234375
1216000000;-69.802886962890625;-94.3333740234375
1218000000;-71.1320953369140625;-97.08899688720703125
1220000000;-72.1204833984375;-120.309478759765625
1222000000;-70.52152252197265625;-98.7189788818359375
1224000000;-70.76641845703125;-102.0043487548828125
1226000000;-75.45177459716796875;-99.5555267333984375
1228000000;-72.799102783203125;-106.5969085693359375
1230000000;-71.50859832763671875;-108.1301727294921875
1232000000;-71.5447540283203125;-100.6253814697265625
1234000000;-71.779876708984375;-95.97203826904296875
1236000000;-72.48557281494140625;-105.0040130615234375
1238000000;-70.14476776123046875;-95.7321319580078125
1240000000;-74.48673248291015625;-101.84272003173828125
1242000000;-72.10741424560546875;-95.4237518310546875
1244000000;-69.412017822265625;-89.58663177490234375
1246000000;-71.2117767333984375;-92.6202392578125
1248000000;-72.4610595703125;-87.44231414794921875
1250000000;-70.1192474365234375;-96.94500732421875
1252000000;-70.32686614990234375;-112.90496063232421875
1254000000;-72.3371124267578125;-99.98006439208984375
1256000000;-71.3385772705078125;-90.86237335205078125
1258000000;-74.3514556884765625;-115.22188568115234375
1260000000;-72.41916656494140625;-95.057830810546875
1262000000;-67.22354888916015625;-106.3771209716796875
1264000000;-72.44339752197265625;-98.85882568359375
1266000000;-73.80031585693359375;-107.238494873046875
1268000000;-72.60923004150390625;-112.98537445068359375
1270000000;-72.57369232177734375;-100.572021484375
1272000000;-76.013458251953125;-108.33294677734375
1274000000;-70.985504150390625;-85.27800750732421875
1276000000;-70.95694732666015625;-95.7845306396484375
1278000000;-72.14641571044921875;-87.40317535400390625
1280000000;-75.42798614501953125;-101.05498504638671875
1282000000;-73.6631011962890625;-107.4896240234375
1284000000;-72.822479248046875;-90.53400421142578125
1286000000;-69.64911651611328125;-102.11290740966796875
1288000000;-75.0393524169921875;-84.35445404052734375
1290000000;-72.21701812744140625;-95.63604736328125
1292000000;-71.76364898681640625;-92.34354400634765625
1294000000;-73.47698211669921875;-98.79998016357421875
1296000000;-74.754608154296875;-104.5678253173828125
1298000000;-71.72879791259765625;-97.2165374755859375
1300000000;-69.43697357177734375;-84.83940887451171875
1302000000;-69.8434295654296875;-82.8190460205078125
1304000000;-70.824554443359375;-95.75612640380859375
1306000000;-48.219440460205078125;-84.40453338623046875
1308000000;-47.843318939208984375;-78.01849365234375
1310000000;-71.86777496337890625;-92.22052001953125
1312000000;-72.0054931640625;-96.70186614990234375
1314000000;-71.975433349609375;-92.50499725341796875
1316000000;-74.4264373779296875;-93.314605712890625
1318000000;-70.882354736328125;-103.78459930419921875
1320000000;-73.88460540771484375;-93.3403778076171875
1322000000;-70.5054473876953125;-95.5447845458984375
1324000000;-76.5834197998046875;-94.33402252197265625
1326000000;-73.553009033203125;-91.817901611328125
1328000000;-72.16960906982421875;-108.595184326171875
1330000000;-70.639495849609375;-106.33087158203125
1332000000;-71.6618499755859375;-90.98078155517578125
1334000000;-69.97281646728515625;-90.24242401123046875
1336000000;-71.84900665283203125;-91.06195831298828125
1338000000;-69.6202239990234375;-107.99248504638671875
1340000000;-69.3423004150390625;-92.932373046875
1342000000;-73.160888671875;-96.00614166259765625
1344000000;-73.73448944091796875;-98.0606689453125
1346000000;-70.41876983642578125;-86.940673828125
1348000000;-71.57633209228515625;-80.52310943603515625
1350000000;-68.264739990234375;-95.8861541748046875
1352000000;-69.04248046875;-95.03490447998046875
1354000000;-69.492279052734375;-87.52559661865234375
1356000000;-73.03031158447265625;-87.05277252197265625
1358000000;-75.24217987060546875;-89.733612060546875
1360000000;-69.67655181884765625;-90.20806121826171875
1362000000;-69.4942779541015625;-106.457122802734375
1364000000;-71.50316619873046875;-91.82094573974609375
1366000000;-76.02008056640625;-107.15411376953125
1368000000;-76.62191009521484375;-93.44837188720703125
1370000000;-70.47093963623046875;-89.52407073974609375
1372000000;-70.67376708984375;-89.0804901123046875
1374000000;-74.012298583984375;-95.27519989013671875
1376000000;-76.554046630859375;-101.41675567626953125
1378000000;-74.937042236328125;-92.72039031982421875
1380000000;-71.89414215087890625;-93.0220794677734375
1382000000;-74.50756072998046875;-106.38127899169921875
1384000000;-73.590240478515625;-94.2165679931640625
1386000000;-73.119598388671875;-89.2731475830078125
1388000000;-74.75469970703125;-114.57393646240234375
1390000000;-71.00557708740234375;-99.5062255859375
1392000000;-72.41208648681640625;-106.53049468994140625
1394000000;-73.9827880859375;-84.94229888916015625
1396000000;-73.5784912109375;-91.420745849609375
1398000000;-73.75811767578125;-97.9209442138671875
1400000000;-74.809600830078125;-93.25402069091796875
1402000000;-68.47393798828125;-94.35009002685546875
1404000000;-72.166229248046875;-84.55730438232421875
1406000000;-74.370819091796875;-116.92303466796875
1408000000;-70.87894439697265625;-92.05271148681640625
1410000000;-69.9302825927734375;-96.5991058349609375
1412000000;-76.40399932861328125;-89.14981842041015625
1414000000;-74.7055206298828125;-100.84586334228515625
1416000000;-69.71923065185546875;-88.2343902587890625
1418000000;-70.55954742431640625;-94.7570343017578125
1420000000;-68.7460784912109375;-95.55591583251953125
1422000000;-69.3994293212890625;-100.0478973388671875
1424000000;-70.62967681884765625;-103.26421356201171875
1426000000;-67.91788482666015625;-90.8442840576171875
1428000000;-69.64479827880859375;-93.1589813232421875
1430000000;-69.3089752197265625;-83.7326812744140625
1432000000;-54.903209686279296875;-78.8765869140625
1434000000;-61.754955291748046875;-96.14949798583984375
1436000000;-70.7170257568359375;-85.68531036376953125
1438000000;-69.566436767578125;-88.850341796875
1440000000;-70.1205291748046875;-88.436737060546875
1442000000;-69.53729248046875;-96.05217742919921875
1444000000;-73.35538482666015625;-103.07431793212890625
1446000000;-69.381927490234375;-83.2441253662109375
1448000000;-70.90727996826171875;-90.376220703125
1450000000;-71.459869384765625;-84.97350311279296875
1452000000;-69.26242828369140625;-95.38306427001953125
1454000000;-71.6411590576171875;-89.5252532958984375
1456000000;-68.91974639892578125;-95.009185791015625
1458000000;-69.49596405029296875;-89.8419342041015625
1460000000;-76.55133819580078125;-100.40291595458984375
1462000000;-69.906707763671875;-90.8882904052734375
1464000000;-70.8964996337890625;-90.389190673828125
1466000000;-69.07680511474609375;-98.2470855712890625
1468000000;-69.786956787109375;-87.886993408203125
1470000000;-74.11858367919921875;-87.42375946044921875
1472000000;-70.34243011474609375;-81.7990875244140625
1474000000;-69.729736328125;-100.30084991455078125
1476000000;-74.12310791015625;-104.9525299072265625
1478000000;-70.689208984375;-104.32463836669921875
1480000000;-74.614715576171875;-104.48575592041015625
1482000000;-71.427825927734375;-103.3345794677734375
1484000000;-70.34372711181640625;-101.20603179931640625
1486000000;-74.29876708984375;-100.30033111572265625
1488000000;-71.544189453125;-83.24596405029296875
1490000000;-72.320770263671875;-104.07843017578125
1492000000;-72.8187103271484375;-104.4593048095703125
1494000000;-70.75925445556640625;-91.54520416259765625
1496000000;-71.4975128173828125;-90.8125457763671875
1498000000;-72.89278411865234375;-96.33319854736328125
1500000000;-74.1597747802734375;-91.9145660400390625
1502000000;-74.35779571533203125;-100.53408050537109375
1504000000;-72.7895660400390625;-114.17182159423828125
1506000000;-70.71002197265625;-87.56507110595703125
1508000000;-72.71282196044921875;-92.03961181640625
1510000000;-77.25455474853515625;-106.49547576904296875
1512000000;-74.33922576904296875;-105.7163543701171875
1514000000;-71.42540740966796875;-113.60131072998046875
1516000000;-74.35109710693359375;-94.02780914306640625
1518000000;-71.87636566162109375;-90.9543914794921875
1520000000;-72.0689697265625;-103.87555694580078125
1522000000;-73.866119384765625;-87.49628448486328125
1524000000;-73.38397216796875;-101.5341796875
1526000000;-74.76131439208984375;-107.5766448974609375
1528000000;-72.3724212646484375;-95.3513336181640625
1530000000;-72.16693878173828125;-98.5216217041015625
1532000000;-76.53098297119140625;-94.6931610107421875
1534000000;-74.86238861083984375;-89.93250274658203125
1536000000;-74.26158905029296875;-99.9270172119140625
1538000000;-71.55023193359375;-90.4915008544921875
1540000000;-73.89432525634765625;-86.0697021484375
1542000000;-73.62439727783203125;-95.378753662109375
1544000000;-70.98486328125;-86.083251953125
1546000000;-72.14154052734375;-83.7329864501953125
1548000000;-72.505126953125;-109.058563232421875
1550000000;-73.6998748779296875;-95.78571319580078125
1552000000;-76.03290557861328125;-102.57608795166015625
1554000000;-73.78369903564453125;-103.08301544189453125
1556000000;-75.86797332763671875;-89.93584442138671875
1558000000;-72.8556365966796875;-90.7359771728515625
1560000000;-74.80120086669921875;-103.64354705810546875
1562000000;-72.02951812744140625;-92.2496185302734375
1564000000;-73.6625823974609375;-98.44773101806640625
1566000000;-73.81656646728515625;-101.354217529296875
1568000000;-70.11586761474609375;-106.928466796875
1570000000;-71.23308563232421875;-96.40264129638671875
1572000000;-74.6791534423828125;-89.111419677734375
1574000000;-74.22298431396484375;-99.2307891845703125
1576000000;-75.5345611572265625;-93.23329925537109375
1578000000;-71.59174346923828125;-96.569976806640625
1580000000;-71.414703369140625;-100.9935150146484375
1582000000;-70.8947296142578125;-94.32532501220703125
1584000000;-72.61513519287109375;-108.00051116943359375
1586000000;-73.16808319091796875;-98.05381011962890625
1588000000;-61.091548919677734375;-100.3624267578125
1590000000;-61.132259368896484375;-90.35150146484375
1592000000;-73.6963958740234375;-90.3076171875
1594000000;-71.32503509521484375;-85.5540771484375
1596000000;-75.21309661865234375;-101.44873809814453125
1598000000;-75.34902191162109375;-103.20961761474609375
1600000000;-74.41349029541015625;-94.5591278076171875
1602000000;-76.11705780029296875;-98.6961517333984375
1604000000;-73.11498260498046875;-109.50586700439453125
1606000000;-70.9978179931640625;-86.96471405029296875
1608000000;-72.87384796142578125;-86.30637359619140625
1610000000;-68.43243408203125;-82.953033447265625
1612000000;-73.28540802001953125;-106.78481292724609375
1614000000;-72.0271453857421875;-100.504669189453125
1616000000;-72.1766204833984375;-102.48465728759765625
1618000000;-72.99835968017578125;-91.17722320556640625
1620000000;-72.3691253662109375;-84.40050506591796875
1622000000;-73.17391204833984375;-97.276123046875
1624000000;-71.083709716796875;-113.58837890625
1626000000;-72.312408447265625;-108.5105438232421875
1628000000;-75.87652587890625;-103.9754180908203125
1630000000;-75.75780487060546875;-89.39330291748046875
1632000000;-77.43347930908203125;-103.10332489013671875
1634000000;-77.54999542236328125;-94.3347320556640625
1636000000;-71.74897003173828125;-87.70632171630859375
1638000000;-76.01734161376953125;-103.67311859130859375
1640000000;-71.76511383056640625;-83.3526458740234375
1642000000;-69.6584930419921875;-93.9756622314453125
1644000000;-70.0496368408203125;-88.41587066650390625
1646000000;-72.04361724853515625;-91.80545806884765625
1648000000;-70.89054107666015625;-103.48096466064453125
1650000000;-71.0337677001953125;-83.305877685546875
1652000000;-71.9823455810546875;-86.866546630859375
1654000000;-74.68350982666015625;-122.70074462890625
1656000000;-73.78670501708984375;-93.91909027099609375
1658000000;-73.84825897216796875;-93.22125244140625
1660000000;-69.61536407470703125;-98.898956298828125
1662000000;-71.74662017822265625;-88.06751251220703125
1664000000;-74.48046875;-103.3888702392578125
1666000000;-72.7746124267578125;-104.65161895751953125
1668000000;-70.95606231689453125;-100.60903167724609375
1670000000;-71.7582550048828125;-102.3546905517578125
1672000000;-72.4330291748046875;-99.5770416259765625
1674000000;-72.9266357421875;-105.09698486328125
1676000000;-70.28699493408203125;-95.72161102294921875
1678000000;-73.4163055419921875;-99.25356292724609375
1680000000;-72.02751922607421875;-99.3615570068359375
1682000000;-72.20947265625;-91.519683837890625
1684000000;-74.60967254638671875;-90.9277801513671875
1686000000;-77.55301666259765625;-123.81528472900390625
1688000000;-75.07913970947265625;-93.94544219970703125
1690000000;-74.5768280029296875;-104.48589324951171875
1692000000;-75.4886322021484375;-102.092864990234375
1694000000;-70.58420562744140625;-98.66098785400390625
1696000000;-75.34369659423828125;-98.48706817626953125
1698000000;-73.262481689453125;-99.986328125
1700000000;-69.8643341064453125;-90.28842926025390625
1702000000;-70.40721893310546875;-99.5121002197265625
1704000000;-73.35080718994140625;-98.92214202880859375
1706000000;-74.05429840087890625;-99.89557647705078125
1708000000;-72.9878082275390625;-96.45243072509765625
1710000000;-75.2577972412109375;-96.87293243408203125
1712000000;-74.55245208740234375;-88.52325439453125
1714000000;-72.9894866943359375;-95.40869140625
1716000000;-72.594818115234375;-99.6500701904296875
1718000000;-73.1741790771484375;-100.8253631591796875
1720000000;-75.2638397216796875;-100.26477813720703125
1722000000;-75.7885894775390625;-121.5595245361328125
1724000000;-70.89606475830078125;-91.23785400390625
1726000000;-71.95795440673828125;-105.75308990478515625
1728000000;-70.58290863037109375;-94.3483428955078125
1730000000;-71.637847900390625;-95.70867919921875
1732000000;-71.21646881103515625;-91.11272430419921875
1734000000;-75.05281829833984375;-110.38336181640625
1736000000;-73.59642791748046875;-94.09944915771484375
1738000000;-71.79026031494140625;-105.45529937744140625
1740000000;-74.66390228271484375;-103.5513763427734375
1742000000;-73.83031463623046875;-107.161468505859375
1744000000;-75.20953369140625;-94.89990234375
1746000000;-80.1827239990234375;-96.95928192138671875
1748000000;-69.83740234375;-103.3857574462890625
1750000000;-73.62905120849609375;-112.984100341796875
1752000000;-69.3853607177734375;-92.94374847412109375
1754000000;-71.4707794189453125;-96.41640472412109375
1756000000;-74.51926422119140625;-96.95304107666015625
1758000000;-73.05080413818359375;-85.45008087158203125
1760000000;-71.56444549560546875;-110.06699371337890625
1762000000;-71.5302581787109375;-100.1200103759765625
1764000000;-73.82781982421875;-89.95061492919921875
1766000000;-74.08943939208984375;-87.5903778076171875
1768000000;-74.19287872314453125;-92.08103179931640625
1770000000;-70.98549652099609375;-103.4029541015625
1772000000;-75.13022613525390625;-97.66905975341796875
1774000000;-72.30878448486328125;-91.07788848876953125
1776000000;-72.7364349365234375;-98.59749603271484375
1778000000;-72.14516448974609375;-96.57167816162109375
1780000000;-72.18410491943359375;-112.226593017578125
1782000000;-71.90663909912109375;-102.16567230224609375
1784000000;-71.811859130859375;-93.4338226318359375
1786000000;-76.8384552001953125;-106.02544403076171875
1788000000;-72.3318023681640625;-108.41060638427734375
1790000000;-73.55855560302734375;-103.059112548828125
1792000000;-73.88329315185546875;-97.59163665771484375
1794000000;-73.11080169677734375;-106.96125030517578125
1796000000;-72.7526702880859375;-101.38262176513671875
1798000000;-72.77230072021484375;-99.180145263671875
1800000000;-75.67201995849609375;-94.269134521484375
1802000000;-70.210174560546875;-94.20050811767578125
1804000000;-72.11164093017578125;-87.36032867431640625
1806000000;-72.15139007568359375;-89.28137969970703125
1808000000;-72.923553466796875;-106.31098175048828125
1810000000;-73.63448333740234375;-110.2866363525390625
1812000000;-73.079833984375;-87.687286376953125
1814000000;-73.25685882568359375;-93.25020599365234375
1816000000;-72.73857879638671875;-90.6848602294921875
1818000000;-72.777374267578125;-99.3750457763671875
1820000000;-72.7587432861328125;-89.99562835693359375
1822000000;-71.3668212890625;-97.45733642578125
1824000000;-72.4571380615234375;-100.08048248291015625
1826000000;-69.828033447265625;-89.03436279296875
1828000000;-72.70497894287109375;-100.367523193359375
1830000000;-73.45233917236328125;-94.01421356201171875
1832000000;-72.11920928955078125;-97.95847320556640625
1834000000;-71.02228546142578125;-93.41327667236328125
1836000000;-71.36759185791015625;-100.5925445556640625
1838000000;-71.0506134033203125;-89.7549591064453125
1840000000;-71.75872039794921875;-100.43114471435546875
1842000000;-73.53986358642578125;-105.3819122314453125
1844000000;-70.3949432373046875;-85.96967315673828125
1846000000;-74.01766204833984375;-90.85720062255859375
1848000000;-70.12296295166015625;-86.30022430419921875
1850000000;-74.15047454833984375;-87.8398284912109375
1852000000;-71.69353485107421875;-80.1206207275390625
1854000000;-70.305267333984375;-87.5167999267578125
1856000000;-72.421844482421875;-95.652679443359375
1858000000;-74.97949981689453125;-100.76035308837890625
1860000000;-73.92958831787109375;-90.74289703369140625
1862000000;-71.25061798095703125;-96.204376220703125
1864000000;-72.819793701171875;-84.55267333984375
1866000000;-72.8030853271484375;-88.5716552734375
1868000000;-64.12985992431640625;-92.47374725341796875
1870000000;-40.8148651123046875;-63.008655548095703125
1872000000;-45.846282958984375;-79.68904876708984375
1874000000;-70.77185821533203125;-93.7719879150390625
1876000000;-72.37807464599609375;-83.21828460693359375
1878000000;-71.25121307373046875;-90.932098388671875
1880000000;-72.439239501953125;-94.142669677734375
1882000000;-70.6752166748046875;-109.64162445068359375
1884000000;-73.27532196044921875;-108.18529510498046875
1886000000;-71.688201904296875;-103.21752166748046875
1888000000;-74.08467864990234375;-86.85467529296875
1890000000;-75.23162841796875;-92.87401580810546875
1892000000;-71.4156646728515625;-99.34649658203125
1894000000;-71.03444671630859375;-105.2501373291015625
1896000000;-73.54201507568359375;-92.23137664794921875
1898000000;-73.55255126953125;-105.55898284912109375
1900000000;-75.1284332275390625;-89.58879852294921875
1902000000;-67.07990264892578125;-94.91249847412109375
1904000000;-72.12722015380859375;-92.72165679931640625
1906000000;-70.6832275390625;-97.26464080810546875
1908000000;-74.63800048828125;-108.33873748779296875
1910000000;-70.53739166259765625;-91.4593353271484375
1912000000;-69.441009521484375;-95.96077728271484375
1914000000;-77.91607666015625;-94.9791717529296875
1916000000;-72.75274658203125;-91.7832489013671875
1918000000;-71.378997802734375;-96.13031005859375
1920000000;-72.98442840576171875;-92.61810302734375
1922000000;-74.18199920654296875;-93.5631256103515625
1924000000;-71.4306793212890625;-80.90938568115234375
1926000000;-75.35134124755859375;-95.70253753662109375
1928000000;-73.61780548095703125;-89.03754425048828125
1930000000;-71.50128173828125;-89.2342987060546875
1932000000;-72.50667572021484375;-87.91970062255859375
1934000000;-70.82989501953125;-87.663360595703125
1936000000;-71.33612060546875;-102.58161163330078125
1938000000;-71.55272674560546875;-86.273590087890625
1940000000;-75.15479278564453125;-94.649566650390625
1942000000;-73.87459564208984375;-93.6899261474609375
1944000000;-71.33111572265625;-105.42771148681640625
1946000000;-73.18833160400390625;-89.52788543701171875
1948000000;-72.296966552734375;-113.7569732666015625
1950000000;-69.84906005859375;-116.0086212158203125
1952000000;-72.60955047607421875;-95.99759674072265625
1954000000;-70.97174835205078125;-88.6865081787109375
1956000000;-71.0389404296875;-94.33731842041015625
1958000000;-73.060333251953125;-95.51422119140625
1960000000;-74.52436065673828125;-82.04793548583984375
1962000000;-77.9864349365234375;-97.4446868896484375
1964000000;-76.72785186767578125;-95.3963165283203125
1966000000;-69.89597320556640625;-82.19016265869140625
1968000000;-74.16016387939453125;-85.112518310546875
1970000000;-69.8318939208984375;-100.10538482666015625
1972000000;-69.85675048828125;-98.274505615234375
1974000000;-73.5007171630859375;-95.1709136962890625
1976000000;-72.8120574951171875;-100.6958465576171875
1978000000;-74.03032684326171875;-88.15110015869140625
1980000000;-74.31272125244140625;-102.230377197265625
1982000000;-70.68378448486328125;-90.26479339599609375
1984000000;-73.1748046875;-102.1312255859375
1986000000;-73.839569091796875;-86.2445526123046875
1988000000;-73.79700469970703125;-95.43292236328125
1990000000;-70.170501708984375;-96.56693267822265625
1992000000;-69.76373291015625;-86.4998016357421875
1994000000;-73.00439453125;-92.24471282958984375
1996000000;-71.14048004150390625;-95.3694305419921875
1998000000;-71.5530242919921875;-88.26363372802734375
2000000000;-76.3302459716796875;-96.49310302734375
